orders_id,order_no,item,staff_id
20240301001,1,Rendang,STAFF-01
20240301002,1,Ayam Balado,STAFF-03
20240301002,2,Ayam Balado,STAFF-03
20240301002,3,Ayam Balado,STAFF-03
20240301002,4,Ayam Balado,STAFF-04
20240301003,1,Gudeg,STAFF-05
20240301003,2,Gudeg,STAFF-05
20240301003,3,Gudeg,STAFF-05
20240301004,1,Rendang,STAFF-06
20240301004,2,Rendang,STAFF-06
20240301005,1,Rinderrouladen,STAFF-02
20240301006,1,Ayam Balado,STAFF-07
20240301006,2,Ayam Balado,STAFF-07
20240301006,3,Ayam Balado,STAFF-07
20240301007,1,Rinderrouladen,STAFF-09
20240301007,2,Rinderrouladen,STAFF-09
20240301008,1,Rinderrouladen,STAFF-12
20240301008,2,Sauerbraten,STAFF-11
20240301008,3,Sauerbraten,STAFF-11
20240301008,4,Sauerbraten,STAFF-11
20240301008,5,Sauerbraten,STAFF-11
20240301009,1,Rinderrouladen,STAFF-01
20240302001,1,Gudeg,STAFF-08
20240302001,2,Gudeg,STAFF-08
20240302002,1,Rendang,STAFF-10
20240302002,2,Rendang,STAFF-10
20240302003,1,Rinderrouladen,STAFF-02
20240302004,1,Rinderrouladen,STAFF-04
20240302004,2,Rinderrouladen,STAFF-04
20240302005,1,Gudeg,STAFF-03
20240302006,1,Rinderrouladen,STAFF-05
20240302007,1,Gudeg,STAFF-06
20240302007,2,Gudeg,STAFF-06
20240302007,3,Gudeg,STAFF-06
20240303001,1,Rendang,STAFF-07
20240303001,2,Rendang,STAFF-07
20240303001,3,Rendang,STAFF-07
20240303002,1,Rendang,STAFF-08
20240303003,1,Bun Cha,STAFF-11
20240303003,2,Bun Cha,STAFF-11
20240303004,1,Gudeg,STAFF-09
20240303004,2,Gudeg,STAFF-09
20240303005,1,Ayam Balado,STAFF-10
20240303006,1,Sauerbraten,STAFF-12
20240303007,1,Bun Cha,STAFF-03
20240303008,1,Rinderrouladen,STAFF-02
20240303008,2,Ayam Balado,STAFF-04
20240303008,3,Rinderrouladen,STAFF-01
20240303008,4,Rinderrouladen,STAFF-01
20240303008,5,Rinderrouladen,STAFF-01
20240304001,1,Rendang,STAFF-05
20240304001,2,Rendang,STAFF-05
20240304001,3,Rendang,STAFF-05
20240304002,1,Rendang,STAFF-06
20240304002,2,Rendang,STAFF-06
20240304002,3,Rendang,STAFF-06
20240304003,1,Rinderrouladen,STAFF-07
20240304004,1,Thunder Tea Rice,STAFF-08
20240304004,2,Thunder Tea Rice,STAFF-08
20240304004,3,Thunder Tea Rice,STAFF-08
20240305001,1,Rendang,STAFF-09
20240305001,2,Rendang,STAFF-09
20240305001,3,Rendang,STAFF-09
20240305002,1,Rendang,STAFF-10
20240305002,2,Rendang,STAFF-10
20240305003,1,Rendang,STAFF-11
20240305004,1,Ayam Balado,STAFF-12
20240305005,1,Ayam Balado,STAFF-03
20240305005,2,Ayam Balado,STAFF-04
20240305005,3,Sauerbraten,STAFF-01
20240305005,4,Sauerbraten,STAFF-01
20240305006,1,Ayam Balado,STAFF-06
20240305006,2,Ayam Balado,STAFF-06
20240305006,3,Ayam Balado,STAFF-06
20240305006,4,Bun Cha,STAFF-05
20240306001,1,Rinderrouladen,STAFF-02
20240306001,2,Rinderrouladen,STAFF-02
20240306002,1,Bun Cha,STAFF-08
20240306002,2,Gudeg,STAFF-07
20240306002,3,Gudeg,STAFF-07
20240306002,4,Gudeg,STAFF-07
20240306003,1,Palak Paneer,STAFF-11
20240306003,2,Palak Paneer,STAFF-12
20240307001,1,Rendang,STAFF-09
20240307001,2,Rendang,STAFF-09
20240307001,3,Rendang,STAFF-09
20240307002,1,Ayam Balado,STAFF-10
20240307003,1,Rendang,STAFF-01
20240307003,2,Rendang,STAFF-01
20240307004,1,Rendang,STAFF-03
20240307005,1,Gudeg,STAFF-04
20240307005,2,Gudeg,STAFF-04
20240307005,3,Gudeg,STAFF-04
20240307006,1,Rinderrouladen,STAFF-02
20240308001,1,Bun Cha,STAFF-05
20240308002,1,Palak Paneer,STAFF-06
20240308002,2,Palak Paneer,STAFF-06
20240308002,3,Palak Paneer,STAFF-06
20240308002,4,Palak Paneer,STAFF-06
20240308003,1,Gudeg,STAFF-07
20240308004,1,Gudeg,STAFF-09
20240308004,2,Gudeg,STAFF-08
20240308004,3,Gudeg,STAFF-08
20240308005,1,Rinderrouladen,STAFF-11
20240308005,2,Rinderrouladen,STAFF-11
20240308005,3,Rinderrouladen,STAFF-11
20240308006,1,Rendang,STAFF-10
20240308006,2,Rendang,STAFF-10
20240308007,1,Rendang,STAFF-12
20240308007,2,Rendang,STAFF-12
20240309001,1,Ayam Balado,STAFF-01
20240309001,2,Ayam Balado,STAFF-01
20240309002,1,Thunder Tea Rice,STAFF-02
20240309002,2,Thunder Tea Rice,STAFF-02
20240309002,3,Thunder Tea Rice,STAFF-02
20240309003,1,Gudeg,STAFF-03
20240309004,1,Palak Paneer,STAFF-06
20240309004,2,Palak Paneer,STAFF-06
20240309005,1,Gudeg,STAFF-04
20240309005,2,Gudeg,STAFF-04
20240309005,3,Gudeg,STAFF-04
20240309005,4,Gudeg,STAFF-05
20240309005,5,Gudeg,STAFF-05
20240309005,6,Gudeg,STAFF-05
20240309006,1,Rendang,STAFF-07
20240309007,1,Rinderrouladen,STAFF-09
20240309008,1,Bun Cha,STAFF-08
20240309008,2,Bun Cha,STAFF-08
20240309008,3,Bun Cha,STAFF-08
20240309008,4,Bun Cha,STAFF-08
20240309008,5,Palak Paneer,STAFF-11
20240309008,6,Palak Paneer,STAFF-11
20240309008,7,Palak Paneer,STAFF-11
20240309009,1,Rinderrouladen,STAFF-12
20240309010,1,Ayam Balado,STAFF-10
20240309011,1,Ayam Balado,STAFF-01
20240309011,2,Ayam Balado,STAFF-01
20240309011,3,Ayam Balado,STAFF-01
20240309011,4,Palak Paneer,STAFF-03
20240310001,1,Gudeg,STAFF-04
20240310001,2,Gudeg,STAFF-04
20240310002,1,Rinderrouladen,STAFF-02
20240310002,2,Rinderrouladen,STAFF-02
20240310003,1,Rendang,STAFF-05
20240310003,2,Rendang,STAFF-05
20240310003,3,Rendang,STAFF-05
20240310004,1,Thunder Tea Rice,STAFF-06
20240310005,1,Rinderrouladen,STAFF-07
20240310006,1,Bun Cha,STAFF-11
20240310006,2,Bun Cha,STAFF-11
20240310006,3,Rendang,STAFF-08
20240311001,1,Rendang,STAFF-09
20240311001,2,Rendang,STAFF-09
20240311002,1,Bun Cha,STAFF-03
20240311002,2,Bun Cha,STAFF-03
20240311002,3,Bun Cha,STAFF-03
20240311002,4,Bun Cha,STAFF-03
20240311002,5,Palak Paneer,STAFF-12
20240311002,6,Palak Paneer,STAFF-12
20240311002,7,Palak Paneer,STAFF-12
20240311002,8,Palak Paneer,STAFF-12
20240311003,1,Gudeg,STAFF-10
20240311003,2,Gudeg,STAFF-10
20240311004,1,Palak Paneer,STAFF-06
20240311004,2,Palak Paneer,STAFF-06
20240311004,3,Palak Paneer,STAFF-06
20240311005,1,Gudeg,STAFF-01
20240311005,2,Gudeg,STAFF-01
20240311005,3,Gudeg,STAFF-01
20240311005,4,Rendang,STAFF-04
20240311006,1,Bun Cha,STAFF-05
20240312001,1,Bun Cha,STAFF-11
20240312001,2,Gudeg,STAFF-08
20240312001,3,Rendang,STAFF-07
20240312002,1,Ayam Balado,STAFF-09
20240312003,1,Gudeg,STAFF-10
20240312003,2,Rinderrouladen,STAFF-02
20240312003,3,Rinderrouladen,STAFF-02
20240312003,4,Rinderrouladen,STAFF-02
20240312004,1,Gudeg,STAFF-12
20240313001,1,Ayam Balado,STAFF-01
20240313002,1,Gudeg,STAFF-03
20240313002,2,Gudeg,STAFF-03
20240313002,3,Gudeg,STAFF-03
20240313003,1,Gudeg,STAFF-04
20240313003,2,Gudeg,STAFF-05
20240313003,3,Gudeg,STAFF-05
20240313004,1,Thunder Tea Rice,STAFF-02
20240313005,1,Rinderrouladen,STAFF-06
20240313006,1,Thunder Tea Rice,STAFF-07
20240313006,2,Thunder Tea Rice,STAFF-08
20240313007,1,Thunder Tea Rice,STAFF-11
20240314001,1,Rendang,STAFF-09
20240314001,2,Rendang,STAFF-09
20240314001,3,Rendang,STAFF-09
20240314002,1,Ayam Balado,STAFF-12
20240314002,2,Rendang,STAFF-10
20240314003,1,Bun Cha,STAFF-03
20240314003,2,Gudeg,STAFF-01
20240314003,3,Gudeg,STAFF-01
20240314004,1,Rinderrouladen,STAFF-02
20240314004,2,Thunder Tea Rice,STAFF-06
20240314005,1,Rendang,STAFF-04
20240314005,2,Rendang,STAFF-04
20240314006,1,Rinderrouladen,STAFF-05
20240314007,1,Thunder Tea Rice,STAFF-07
20240314008,1,Ayam Balado,STAFF-08
20240314009,1,Bun Cha,STAFF-11
20240314009,2,Bun Cha,STAFF-11
20240314009,3,Bun Cha,STAFF-11
20240315001,1,Rendang,STAFF-09
20240315001,2,Rendang,STAFF-09
20240315001,3,Rendang,STAFF-09
20240315002,1,Ayam Balado,STAFF-10
20240315002,2,Ayam Balado,STAFF-10
20240315002,3,Ayam Balado,STAFF-10
20240315003,1,Gudeg,STAFF-12
20240316001,1,Gudeg,STAFF-03
20240316001,2,Rinderrouladen,STAFF-01
20240316002,1,Bun Cha,STAFF-05
20240316002,2,Bun Cha,STAFF-06
20240316002,3,Bun Cha,STAFF-06
20240316002,4,Bun Cha,STAFF-07
20240316003,1,Rinderrouladen,STAFF-02
20240316003,2,Rinderrouladen,STAFF-02
20240317001,1,Rendang,STAFF-04
20240317002,1,Bun Cha,STAFF-08
20240318001,1,Bun Cha,STAFF-11
20240318002,1,Gudeg,STAFF-09
20240318002,2,Gudeg,STAFF-09
20240318002,3,Gudeg,STAFF-10
20240318002,4,Gudeg,STAFF-10
20240318002,5,Gudeg,STAFF-10
20240318002,6,Gudeg,STAFF-12
20240318002,7,Gudeg,STAFF-12
20240318002,8,Gudeg,STAFF-12
20240319001,1,Bun Cha,STAFF-03
20240319002,1,Rendang,STAFF-01
20240319002,2,Rendang,STAFF-01
20240319002,3,Rendang,STAFF-04
20240319003,1,Ayam Balado,STAFF-05
20240319003,2,Ayam Balado,STAFF-05
20240319004,1,Rinderrouladen,STAFF-02
20240319004,2,Rinderrouladen,STAFF-02
20240319005,1,Ayam Balado,STAFF-06
20240319005,2,Ayam Balado,STAFF-06
20240319005,3,Ayam Balado,STAFF-06
20240320001,1,Bun Cha,STAFF-07
20240320002,1,Rendang,STAFF-08
20240320003,1,Bun Cha,STAFF-11
20240320003,2,Bun Cha,STAFF-11
20240320004,1,Palak Paneer,STAFF-12
20240320005,1,Sauerbraten,STAFF-09
20240320005,2,Sauerbraten,STAFF-09
20240320005,3,Sauerbraten,STAFF-09
20240320006,1,Rendang,STAFF-10
20240321001,1,Palak Paneer,STAFF-03
20240321002,1,Bun Cha,STAFF-05
20240321002,2,Palak Paneer,STAFF-06
20240321002,3,Palak Paneer,STAFF-06
20240321002,4,Palak Paneer,STAFF-06
20240321002,5,Palak Paneer,STAFF-06
20240321003,1,Gudeg,STAFF-01
20240321003,2,Gudeg,STAFF-01
20240321004,1,Bun Cha,STAFF-07
20240321004,2,Bun Cha,STAFF-07
20240321005,1,Rendang,STAFF-04
20240321005,2,Rendang,STAFF-04
20240322001,1,Rinderrouladen,STAFF-02
20240322001,2,Rinderrouladen,STAFF-02
20240322002,1,Rinderrouladen,STAFF-09
20240322003,1,Palak Paneer,STAFF-08
20240322004,1,Gudeg,STAFF-10
20240322004,2,Gudeg,STAFF-10
20240322004,3,Thunder Tea Rice,STAFF-11
20240322005,1,Gudeg,STAFF-12
20240322005,2,Gudeg,STAFF-12
20240322005,3,Gudeg,STAFF-12
20240323001,1,Rendang,STAFF-01
20240323002,1,Rinderrouladen,STAFF-02
20240323003,1,Palak Paneer,STAFF-03
20240323003,2,Palak Paneer,STAFF-03
20240323003,3,Sauerbraten,STAFF-04
20240323004,1,Rinderrouladen,STAFF-05
20240323004,2,Rinderrouladen,STAFF-05
20240323004,3,Rinderrouladen,STAFF-05
20240323005,1,Rendang,STAFF-06
20240323005,2,Rinderrouladen,STAFF-07
20240323005,3,Rinderrouladen,STAFF-07
20240323005,4,Rinderrouladen,STAFF-07
20240323006,1,Bun Cha,STAFF-08
20240323006,2,Bun Cha,STAFF-08
20240324001,1,Rendang,STAFF-09
20240324001,2,Rendang,STAFF-09
20240324001,3,Rendang,STAFF-09
20240324002,1,Rendang,STAFF-10
20240324002,2,Rendang,STAFF-10
20240325001,1,Rendang,STAFF-11
20240325002,1,Rinderrouladen,STAFF-12
20240325003,1,Rendang,STAFF-01
20240325003,2,Rendang,STAFF-01
20240325003,3,Rendang,STAFF-01
20240325004,1,Rendang,STAFF-03
20240325004,2,Rendang,STAFF-03
20240325005,1,Rinderrouladen,STAFF-02
20240325005,2,Rinderrouladen,STAFF-02
20240325006,1,Palak Paneer,STAFF-06
20240326001,1,Rendang,STAFF-05
20240326001,2,Sauerbraten,STAFF-04
20240326002,1,Rendang,STAFF-07
20240326002,2,Rendang,STAFF-07
20240326002,3,Rendang,STAFF-07
20240326003,1,Bun Cha,STAFF-08
20240326003,2,Bun Cha,STAFF-08
20240326004,1,Bun Cha,STAFF-11
20240326004,2,Bun Cha,STAFF-11
20240326004,3,Gudeg,STAFF-09
20240326005,1,Bun Cha,STAFF-12
20240326005,2,Bun Cha,STAFF-12
20240326006,1,Gudeg,STAFF-10
20240326006,2,Gudeg,STAFF-10
20240326006,3,Gudeg,STAFF-10
20240326007,1,Rendang,STAFF-01
20240326007,2,Rendang,STAFF-01
20240326007,3,Rendang,STAFF-01
20240326008,1,Rendang,STAFF-03
20240326008,2,Rendang,STAFF-03
20240326008,3,Rendang,STAFF-03
20240326009,1,Ayam Balado,STAFF-04
20240326009,2,Ayam Balado,STAFF-04
20240326009,3,Ayam Balado,STAFF-04
20240326009,4,Ayam Balado,STAFF-04
20240327001,1,Bun Cha,STAFF-05
20240327001,2,Rinderrouladen,STAFF-02
20240327001,3,Rinderrouladen,STAFF-02
20240327002,1,Rinderrouladen,STAFF-06
20240327002,2,Rinderrouladen,STAFF-06
20240327003,1,Ayam Balado,STAFF-07
20240327004,1,Gudeg,STAFF-09
20240327004,2,Gudeg,STAFF-09
20240327004,3,Gudeg,STAFF-09
20240327004,4,Palak Paneer,STAFF-08
20240327004,5,Palak Paneer,STAFF-08
20240327005,1,Bun Cha,STAFF-11
20240327006,1,Rendang,STAFF-10
20240327006,2,Rendang,STAFF-10
20240327006,3,Rendang,STAFF-10
20240327006,4,Rendang,STAFF-10
20240328001,1,Bun Cha,STAFF-12
20240328002,1,Bun Cha,STAFF-03
20240328002,2,Gudeg,STAFF-01
20240328002,3,Gudeg,STAFF-01
20240328002,4,Gudeg,STAFF-01
20240328003,1,Rendang,STAFF-04
20240328003,2,Rendang,STAFF-04
20240328003,3,Rendang,STAFF-04
20240329001,1,Rendang,STAFF-05
20240329002,1,Palak Paneer,STAFF-06
20240329002,2,Palak Paneer,STAFF-06
20240329002,3,Palak Paneer,STAFF-08
20240329002,4,Palak Paneer,STAFF-08
20240329002,5,Palak Paneer,STAFF-08
20240329003,1,Palak Paneer,STAFF-11
20240330001,1,Rendang,STAFF-07
20240330002,1,Palak Paneer,STAFF-12
20240330002,2,Palak Paneer,STAFF-12
20240330003,1,Rendang,STAFF-09
20240330004,1,Rendang,STAFF-10
20240330004,2,Rendang,STAFF-10
20240330004,3,Rinderrouladen,STAFF-02
20240331001,1,Palak Paneer,STAFF-03
20240331001,2,Palak Paneer,STAFF-03
20240331002,1,Gudeg,STAFF-01
20240401001,1,Gudeg,STAFF-04
20240401001,2,Rinderrouladen,STAFF-02
20240401001,3,Rinderrouladen,STAFF-02
20240401001,4,Rinderrouladen,STAFF-02
20240401001,5,Rinderrouladen,STAFF-05
20240401002,1,Rinderrouladen,STAFF-06
20240401002,2,Rinderrouladen,STAFF-06
20240401002,3,Rinderrouladen,STAFF-06
20240401003,1,Palak Paneer,STAFF-08
20240401004,1,Rinderrouladen,STAFF-07
20240401004,2,Rinderrouladen,STAFF-07
20240401004,3,Rinderrouladen,STAFF-07
20240401005,1,Ayam Balado,STAFF-09
20240401005,2,Ayam Balado,STAFF-09
20240402001,1,Rendang,STAFF-10
20240402001,2,Rendang,STAFF-10
20240402001,3,Rendang,STAFF-10
20240402002,1,Bun Cha,STAFF-12
20240402002,2,Gudeg,STAFF-11
20240402002,3,Gudeg,STAFF-11
20240402003,1,Palak Paneer,STAFF-03
20240402003,2,Palak Paneer,STAFF-03
20240403001,1,Bun Cha,STAFF-05
20240403001,2,Gudeg,STAFF-01
20240403002,1,Palak Paneer,STAFF-06
20240403002,2,Palak Paneer,STAFF-06
20240403003,1,Bun Cha,STAFF-07
20240404001,1,Rendang,STAFF-04
20240404001,2,Rendang,STAFF-04
20240404002,1,Rendang,STAFF-08
20240404003,1,Palak Paneer,STAFF-11
20240404004,1,Bun Cha,STAFF-12
20240404004,2,Bun Cha,STAFF-12
20240404005,1,Rendang,STAFF-09
20240405001,1,Gudeg,STAFF-10
20240405001,2,Gudeg,STAFF-10
20240405001,3,Gudeg,STAFF-10
20240405002,1,Gudeg,STAFF-01
20240405003,1,Bun Cha,STAFF-03
20240405004,1,Rinderrouladen,STAFF-02
20240405004,2,Rinderrouladen,STAFF-02
20240405004,3,Rinderrouladen,STAFF-02
20240405005,1,Bun Cha,STAFF-05
20240405005,2,Rendang,STAFF-04
20240405005,3,Rendang,STAFF-04
20240405005,4,Rendang,STAFF-04
20240405006,1,Rendang,STAFF-06
20240405007,1,Palak Paneer,STAFF-08
20240405007,2,Palak Paneer,STAFF-08
20240405007,3,Palak Paneer,STAFF-08
20240405007,4,Palak Paneer,STAFF-08
20240405008,1,Gudeg,STAFF-07
20240405009,1,Sauerbraten,STAFF-02
20240405009,2,Thunder Tea Rice,STAFF-11
20240405009,3,Thunder Tea Rice,STAFF-11
20240406001,1,Rinderrouladen,STAFF-09
20240406001,2,Rinderrouladen,STAFF-09
20240406002,1,Gudeg,STAFF-10
20240406002,2,Palak Paneer,STAFF-12
20240406003,1,Rendang,STAFF-01
20240406003,2,Rendang,STAFF-01
20240406003,3,Rendang,STAFF-01
20240407001,1,Rendang,STAFF-03
20240407001,2,Rendang,STAFF-03
20240407001,3,Rendang,STAFF-03
20240407002,1,Palak Paneer,STAFF-06
20240407002,2,Palak Paneer,STAFF-06
20240407002,3,Palak Paneer,STAFF-08
20240407003,1,Bun Cha,STAFF-05
20240407003,2,Bun Cha,STAFF-05
20240407003,3,Bun Cha,STAFF-05
20240407003,4,Bun Cha,STAFF-05
20240407003,5,Thunder Tea Rice,STAFF-02
20240407004,1,Ayam Balado,STAFF-04
20240407004,2,Rinderrouladen,STAFF-07
20240407004,3,Rinderrouladen,STAFF-07
20240407004,4,Rinderrouladen,STAFF-07
20240408001,1,Rinderrouladen,STAFF-09
20240408002,1,Palak Paneer,STAFF-11
20240408003,1,Gudeg,STAFF-10
20240408003,2,Gudeg,STAFF-10
20240408003,3,Gudeg,STAFF-10
20240408004,1,Palak Paneer,STAFF-12
20240408005,1,Thunder Tea Rice,STAFF-02
20240408006,1,Rinderrouladen,STAFF-01
20240408007,1,Rendang,STAFF-03
20240408007,2,Rendang,STAFF-03
20240408008,1,Gudeg,STAFF-04
20240408009,1,Rinderrouladen,STAFF-05
20240408010,1,Palak Paneer,STAFF-06
20240409001,1,Palak Paneer,STAFF-08
20240409002,1,Gudeg,STAFF-07
20240409003,1,Rendang,STAFF-09
20240409004,1,Ayam Balado,STAFF-10
20240409005,1,Ayam Balado,STAFF-11
20240410001,1,Thunder Tea Rice,STAFF-12
20240410002,1,Ayam Balado,STAFF-01
20240410002,2,Thunder Tea Rice,STAFF-02
20240410003,1,Palak Paneer,STAFF-03
20240410003,2,Palak Paneer,STAFF-03
20240410004,1,Rendang,STAFF-04
20240411001,1,Gudeg,STAFF-05
20240411001,2,Gudeg,STAFF-05
20240411001,3,Gudeg,STAFF-05
20240411001,4,Gudeg,STAFF-05
20240411001,5,Gudeg,STAFF-06
20240411002,1,Rendang,STAFF-07
20240411002,2,Rendang,STAFF-07
20240411002,3,Rendang,STAFF-07
20240411003,1,Palak Paneer,STAFF-08
20240411004,1,Rinderrouladen,STAFF-09
20240411004,2,Rinderrouladen,STAFF-09
20240411004,3,Rinderrouladen,STAFF-09
20240412001,1,Ayam Balado,STAFF-10
20240412001,2,Ayam Balado,STAFF-10
20240412002,1,Bun Cha,STAFF-11
20240412002,2,Bun Cha,STAFF-11
20240412002,3,Bun Cha,STAFF-11
20240413001,1,Rendang,STAFF-12
20240413001,2,Rendang,STAFF-12
20240413001,3,Rendang,STAFF-12
20240413002,1,Gudeg,STAFF-01
20240413003,1,Ayam Balado,STAFF-03
20240413003,2,Ayam Balado,STAFF-03
20240413003,3,Ayam Balado,STAFF-03
20240413004,1,Ayam Balado,STAFF-04
20240413004,2,Ayam Balado,STAFF-04
20240413005,1,Palak Paneer,STAFF-06
20240413005,2,Rendang,STAFF-05
20240413006,1,Palak Paneer,STAFF-08
20240413006,2,Palak Paneer,STAFF-08
20240413007,1,Palak Paneer,STAFF-11
20240414001,1,Rendang,STAFF-07
20240414002,1,Palak Paneer,STAFF-12
20240414002,2,Palak Paneer,STAFF-12
20240414003,1,Bun Cha,STAFF-03
20240414004,1,Bun Cha,STAFF-05
20240414004,2,Bun Cha,STAFF-05
20240414005,1,Rinderrouladen,STAFF-02
20240414006,1,Bun Cha,STAFF-06
20240414007,1,Gudeg,STAFF-01
20240414007,2,Gudeg,STAFF-01
20240414007,3,Gudeg,STAFF-01
20240414007,4,Gudeg,STAFF-01
20240414007,5,Gudeg,STAFF-09
20240414007,6,Gudeg,STAFF-09
20240414007,7,Gudeg,STAFF-09
20240414007,8,Gudeg,STAFF-09
20240414007,9,Gudeg,STAFF-10
20240414007,10,Gudeg,STAFF-10
20240414008,1,Palak Paneer,STAFF-08
20240414008,2,Palak Paneer,STAFF-08
20240414009,1,Bun Cha,STAFF-07
20240414009,2,Bun Cha,STAFF-07
20240414009,3,Bun Cha,STAFF-07
20240414009,4,Rendang,STAFF-04
20240414009,5,Rendang,STAFF-04
20240414009,6,Rendang,STAFF-04
20240414010,1,Palak Paneer,STAFF-11
20240414010,2,Palak Paneer,STAFF-11
20240415001,1,Gudeg,STAFF-09
20240415001,2,Gudeg,STAFF-09
20240415002,1,Gudeg,STAFF-10
20240415003,1,Rinderrouladen,STAFF-02
20240415003,2,Rinderrouladen,STAFF-02
20240415003,3,Rinderrouladen,STAFF-02
20240415004,1,Rinderrouladen,STAFF-12
20240415004,2,Rinderrouladen,STAFF-12
20240415004,3,Rinderrouladen,STAFF-12
20240415005,1,Thunder Tea Rice,STAFF-02
20240415005,2,Thunder Tea Rice,STAFF-02
20240416001,1,Rinderrouladen,STAFF-01
20240416002,1,Rinderrouladen,STAFF-04
20240416002,2,Rinderrouladen,STAFF-04
20240416002,3,Rinderrouladen,STAFF-04
20240416003,1,Sauerbraten,STAFF-05
20240416003,2,Sauerbraten,STAFF-05
20240416003,3,Sauerbraten,STAFF-05
20240416004,1,Bun Cha,STAFF-03
20240416004,2,Bun Cha,STAFF-03
20240416004,3,Bun Cha,STAFF-03
20240416005,1,Gudeg,STAFF-06
20240416005,2,Gudeg,STAFF-06
20240416006,1,Rinderrouladen,STAFF-07
20240416007,1,Palak Paneer,STAFF-08
20240416008,1,Sauerbraten,STAFF-09
20240417001,1,Gudeg,STAFF-10
20240417001,2,Gudeg,STAFF-10
20240417002,1,Thunder Tea Rice,STAFF-11
20240417003,1,Palak Paneer,STAFF-12
20240417003,2,Palak Paneer,STAFF-12
20240417003,3,Palak Paneer,STAFF-12
20240417004,1,Palak Paneer,STAFF-03
20240417004,2,Palak Paneer,STAFF-03
20240417004,3,Palak Paneer,STAFF-06
20240417004,4,Palak Paneer,STAFF-06
20240417004,5,Palak Paneer,STAFF-06
20240417005,1,Bun Cha,STAFF-05
20240418001,1,Gudeg,STAFF-01
20240418001,2,Gudeg,STAFF-04
20240418002,1,Bun Cha,STAFF-07
20240418002,2,Bun Cha,STAFF-07
20240418002,3,Rinderrouladen,STAFF-02
20240418003,1,Palak Paneer,STAFF-08
20240418003,2,Rendang,STAFF-09
20240418004,1,Rendang,STAFF-10
20240418005,1,Palak Paneer,STAFF-11
20240418005,2,Palak Paneer,STAFF-11
20240418005,3,Palak Paneer,STAFF-11
20240418005,4,Palak Paneer,STAFF-11
20240418006,1,Ayam Balado,STAFF-01
20240418006,2,Ayam Balado,STAFF-12
20240419001,1,Rendang,STAFF-03
20240419001,2,Rendang,STAFF-03
20240419001,3,Rendang,STAFF-03
20240419002,1,Palak Paneer,STAFF-06
20240419002,2,Rinderrouladen,STAFF-02
20240419003,1,Ayam Balado,STAFF-04
20240419003,2,Ayam Balado,STAFF-04
20240419003,3,Palak Paneer,STAFF-08
20240419004,1,Sauerbraten,STAFF-05
20240419005,1,Rinderrouladen,STAFF-07
20240420001,1,Rinderrouladen,STAFF-09
20240420001,2,Rinderrouladen,STAFF-09
20240420001,3,Rinderrouladen,STAFF-09
20240420002,1,Rinderrouladen,STAFF-11
20240420002,2,Rinderrouladen,STAFF-12
20240420002,3,Rinderrouladen,STAFF-12
20240420002,4,Rinderrouladen,STAFF-12
20240420003,1,Ayam Balado,STAFF-03
20240420003,2,Gudeg,STAFF-10
20240420003,3,Rinderrouladen,STAFF-01
20240420003,4,Rinderrouladen,STAFF-01
20240420004,1,Palak Paneer,STAFF-06
20240420004,2,Palak Paneer,STAFF-06
20240420005,1,Rinderrouladen,STAFF-02
20240420006,1,Rinderrouladen,STAFF-04
20240420006,2,Rinderrouladen,STAFF-04
20240420007,1,Rinderrouladen,STAFF-05
20240420008,1,Sauerbraten,STAFF-07
20240420009,1,Palak Paneer,STAFF-08
20240420009,2,Palak Paneer,STAFF-11
20240420009,3,Palak Paneer,STAFF-11
20240420009,4,Palak Paneer,STAFF-11
20240420010,1,Rendang,STAFF-09
20240420010,2,Rendang,STAFF-09
20240420010,3,Rendang,STAFF-09
20240421001,1,Rendang,STAFF-10
20240421002,1,Gudeg,STAFF-12
20240421002,2,Gudeg,STAFF-12
20240421003,1,Palak Paneer,STAFF-03
20240421003,2,Palak Paneer,STAFF-03
20240421003,3,Palak Paneer,STAFF-03
20240421003,4,Palak Paneer,STAFF-03
20240422001,1,Gudeg,STAFF-01
20240422002,1,Rinderrouladen,STAFF-02
20240422002,2,Rinderrouladen,STAFF-02
20240422003,1,Rendang,STAFF-04
20240422004,1,Rendang,STAFF-05
20240422005,1,Palak Paneer,STAFF-06
20240422005,2,Palak Paneer,STAFF-06
20240422005,3,Palak Paneer,STAFF-06
20240423001,1,Palak Paneer,STAFF-08
20240423001,2,Palak Paneer,STAFF-08
20240423001,3,Palak Paneer,STAFF-08
20240423002,1,Rinderrouladen,STAFF-07
20240423002,2,Rinderrouladen,STAFF-07
20240423003,1,Palak Paneer,STAFF-11
20240423004,1,Rinderrouladen,STAFF-09
20240423004,2,Rinderrouladen,STAFF-09
20240423004,3,Rinderrouladen,STAFF-12
20240423004,4,Rinderrouladen,STAFF-12
20240424001,1,Rendang,STAFF-10
20240424002,1,Rinderrouladen,STAFF-01
20240424003,1,Rinderrouladen,STAFF-02
20240424003,2,Rinderrouladen,STAFF-02
20240424004,1,Rinderrouladen,STAFF-04
20240424005,1,Rinderrouladen,STAFF-05
20240424005,2,Rinderrouladen,STAFF-05
20240424005,3,Rinderrouladen,STAFF-05
20240424006,1,Rinderrouladen,STAFF-06
20240424007,1,Palak Paneer,STAFF-03
20240424007,2,Palak Paneer,STAFF-03
20240424007,3,Rinderrouladen,STAFF-07
20240425001,1,Gudeg,STAFF-08
20240425001,2,Gudeg,STAFF-08
20240425001,3,Gudeg,STAFF-08
20240425001,4,Gudeg,STAFF-08
20240425002,1,Rendang,STAFF-09
20240425003,1,Gudeg,STAFF-10
20240425003,2,Gudeg,STAFF-10
20240425003,3,Gudeg,STAFF-10
20240425003,4,Gudeg,STAFF-10
20240425003,5,Gudeg,STAFF-11
20240426001,1,Rendang,STAFF-12
20240426001,2,Rendang,STAFF-12
20240426001,3,Rendang,STAFF-12
20240426001,4,Rendang,STAFF-12
20240426002,1,Rendang,STAFF-01
20240426003,1,Palak Paneer,STAFF-03
20240426004,1,Gudeg,STAFF-04
20240426004,2,Gudeg,STAFF-05
20240426005,1,Bun Cha,STAFF-06
20240426005,2,Bun Cha,STAFF-06
20240426005,3,Bun Cha,STAFF-06
20240426005,4,Bun Cha,STAFF-06
20240426006,1,Gudeg,STAFF-07
20240426007,1,Ayam Balado,STAFF-08
20240426007,2,Ayam Balado,STAFF-08
20240426007,3,Ayam Balado,STAFF-08
20240426007,4,Sauerbraten,STAFF-02
20240427001,1,Palak Paneer,STAFF-11
20240428001,1,Rendang,STAFF-09
20240428001,2,Rendang,STAFF-09
20240428001,3,Rendang,STAFF-09
20240428002,1,Palak Paneer,STAFF-12
20240428002,2,Palak Paneer,STAFF-12
20240428003,1,Gudeg,STAFF-01
20240428003,2,Gudeg,STAFF-01
20240428003,3,Gudeg,STAFF-10
20240428003,4,Gudeg,STAFF-10
20240428003,5,Rendang,STAFF-03
20240429001,1,Bun Cha,STAFF-05
20240429001,2,Bun Cha,STAFF-05
20240429001,3,Bun Cha,STAFF-05
20240429002,1,Gudeg,STAFF-04
20240429002,2,Bun Cha,STAFF-06
20240429003,1,Bun Cha,STAFF-07
20240429003,2,Bun Cha,STAFF-07
20240429003,3,Rinderrouladen,STAFF-02
20240429004,1,Palak Paneer,STAFF-08
20240429004,2,Palak Paneer,STAFF-08
20240429005,1,Palak Paneer,STAFF-12
20240429005,2,Palak Paneer,STAFF-12
20240429005,3,Palak Paneer,STAFF-11
20240429005,4,Palak Paneer,STAFF-11
20240429005,5,Palak Paneer,STAFF-11
20240430001,1,Rendang,STAFF-06
20240430001,2,Gudeg,STAFF-10
20240430001,3,Gudeg,STAFF-10
20240430001,4,Gudeg,STAFF-10
20240430001,5,Palak Paneer,STAFF-03
20240430001,6,Rendang,STAFF-09
20240430001,7,Rendang,STAFF-09
20240430001,8,Rinderrouladen,STAFF-01
20240430001,9,Rinderrouladen,STAFF-01
20240430001,10,Rinderrouladen,STAFF-02
20240430001,11,Rinderrouladen,STAFF-02
20240430001,12,Rinderrouladen,STAFF-04
20240430001,13,Rinderrouladen,STAFF-04
20240430001,14,Rinderrouladen,STAFF-04
20240430001,15,Rinderrouladen,STAFF-05
20240502001,1,Gudeg,STAFF-07
20240502001,2,Gudeg,STAFF-07
20240502002,1,Rendang,STAFF-08
20240502003,1,Rinderrouladen,STAFF-09
20240502004,1,Palak Paneer,STAFF-11
20240502005,1,Rinderrouladen,STAFF-12
20240502006,1,Rendang,STAFF-10
20240502006,2,Palak Paneer,STAFF-03
20240503001,1,Rendang,STAFF-01
20240503001,2,Rendang,STAFF-01
20240503001,3,Rendang,STAFF-01
20240503002,1,Rendang,STAFF-04
20240503003,1,Rendang,STAFF-05
20240506001,1,Gudeg,STAFF-06
20240506001,2,Gudeg,STAFF-06
20240506002,1,Rinderrouladen,STAFF-02
20240506002,2,Palak Paneer,STAFF-08
20240506003,1,Gudeg,STAFF-07
20240506004,1,Bun Cha,STAFF-11
20240506004,2,Bun Cha,STAFF-11
20240506004,3,Bun Cha,STAFF-11
20240506005,1,Gudeg,STAFF-09
20240506006,1,Bun Cha,STAFF-12
20240506006,2,Gudeg,STAFF-10
20240506006,3,Gudeg,STAFF-10
20240506006,4,Gudeg,STAFF-10
20240506007,1,Palak Paneer,STAFF-03
20240506007,2,Palak Paneer,STAFF-03
20240506007,3,Palak Paneer,STAFF-03
20240506007,4,Palak Paneer,STAFF-06
20240506007,5,Palak Paneer,STAFF-06
20240506007,6,Palak Paneer,STAFF-06
20240507001,1,Sauerbraten,STAFF-01
20240507002,1,Bun Cha,STAFF-05
20240507003,1,Bun Cha,STAFF-07
20240507004,1,Sauerbraten,STAFF-02
20240507004,2,Sauerbraten,STAFF-02
20240507004,3,Sauerbraten,STAFF-02
20240507005,1,Gudeg,STAFF-04
20240507006,1,Rendang,STAFF-09
20240507006,2,Palak Paneer,STAFF-08
20240507007,1,Rinderrouladen,STAFF-11
20240507007,2,Rinderrouladen,STAFF-11
20240507008,1,Palak Paneer,STAFF-03
20240507008,2,Palak Paneer,STAFF-03
20240507008,3,Palak Paneer,STAFF-12
20240508001,1,Rendang,STAFF-10
20240509001,1,Palak Paneer,STAFF-06
20240509002,1,Rendang,STAFF-05
20240509002,2,Gudeg,STAFF-01
20240509002,3,Rendang,STAFF-04
20240509002,4,Rendang,STAFF-04
20240509002,5,Rendang,STAFF-04
20240509002,6,Rendang,STAFF-07
20240509003,1,Gudeg,STAFF-09
20240509003,2,Gudeg,STAFF-09
20240509003,3,Gudeg,STAFF-08
20240509003,4,Gudeg,STAFF-08
20240509003,5,Gudeg,STAFF-08
20240509004,1,Gudeg,STAFF-10
20240509005,1,Rinderrouladen,STAFF-02
20240509005,2,Rinderrouladen,STAFF-02
20240510001,1,Rendang,STAFF-11
20240510001,2,Rendang,STAFF-11
20240510002,1,Rendang,STAFF-01
20240510002,2,Rendang,STAFF-12
20240510002,3,Rendang,STAFF-12
20240510002,4,Rendang,STAFF-12
20240510002,5,Rendang,STAFF-12
20240510003,1,Rinderrouladen,STAFF-02
20240511001,1,Rendang,STAFF-03
20240511001,2,Rendang,STAFF-03
20240511001,3,Rendang,STAFF-03
20240511002,1,Rendang,STAFF-04
20240511002,2,Rendang,STAFF-04
20240511003,1,Rinderrouladen,STAFF-05
20240511004,1,Sauerbraten,STAFF-06
20240511004,2,Sauerbraten,STAFF-06
20240511005,1,Palak Paneer,STAFF-08
20240511005,2,Palak Paneer,STAFF-08
20240511005,3,Palak Paneer,STAFF-08
20240511006,1,Rinderrouladen,STAFF-07
20240511006,2,Rinderrouladen,STAFF-07
20240511006,3,Rinderrouladen,STAFF-07
20240511007,1,Palak Paneer,STAFF-11
20240511008,1,Rendang,STAFF-09
20240511008,2,Rendang,STAFF-09
20240511008,3,Rendang,STAFF-09
20240512001,1,Rendang,STAFF-10
20240512002,1,Rendang,STAFF-12
20240512002,2,Rendang,STAFF-12
20240512002,3,Rendang,STAFF-12
20240512003,1,Gudeg,STAFF-01
20240512003,2,Gudeg,STAFF-01
20240512003,3,Gudeg,STAFF-01
20240512004,1,Rendang,STAFF-03
20240512005,1,Rinderrouladen,STAFF-02
20240512005,2,Rinderrouladen,STAFF-02
20240512005,3,Rinderrouladen,STAFF-02
20240512006,1,Rinderrouladen,STAFF-04
20240512006,2,Rinderrouladen,STAFF-04
20240512007,1,Rinderrouladen,STAFF-05
20240512008,1,Rinderrouladen,STAFF-06
20240513001,1,Rinderrouladen,STAFF-07
20240513001,2,Rinderrouladen,STAFF-07
20240513001,3,Rinderrouladen,STAFF-07
20240513002,1,Gudeg,STAFF-10
20240513002,2,Gudeg,STAFF-10
20240513002,3,Gudeg,STAFF-10
20240513002,4,Gudeg,STAFF-08
20240513002,5,Gudeg,STAFF-08
20240513002,6,Gudeg,STAFF-08
20240513002,7,Gudeg,STAFF-09
20240513002,8,Gudeg,STAFF-11
20240514001,1,Gudeg,STAFF-12
20240514001,2,Gudeg,STAFF-12
20240514001,3,Gudeg,STAFF-12
20240514001,4,Gudeg,STAFF-01
20240514001,5,Gudeg,STAFF-03
20240514001,6,Gudeg,STAFF-03
20240514001,7,Palak Paneer,STAFF-06
20240514001,8,Palak Paneer,STAFF-06
20240514002,1,Rendang,STAFF-04
20240514002,2,Palak Paneer,STAFF-08
20240514003,1,Palak Paneer,STAFF-11
20240514004,1,Rinderrouladen,STAFF-02
20240514004,2,Rinderrouladen,STAFF-02
20240514004,3,Rinderrouladen,STAFF-02
20240514005,1,Gudeg,STAFF-05
20240514006,1,Palak Paneer,STAFF-12
20240514006,2,Palak Paneer,STAFF-12
20240514006,3,Rinderrouladen,STAFF-07
20240514007,1,Ayam Balado,STAFF-09
20240515001,1,Rendang,STAFF-10
20240515002,1,Gudeg,STAFF-01
20240515002,2,Gudeg,STAFF-01
20240515002,3,Thunder Tea Rice,STAFF-02
20240515003,1,Gudeg,STAFF-03
20240515003,2,Gudeg,STAFF-04
20240515003,3,Gudeg,STAFF-04
20240515003,4,Gudeg,STAFF-04
20240515003,5,Gudeg,STAFF-05
20240515003,6,Gudeg,STAFF-05
20240515003,7,Gudeg,STAFF-05
20240515004,1,Rinderrouladen,STAFF-06
20240515004,2,Rinderrouladen,STAFF-06
20240515005,1,Gudeg,STAFF-07
20240515005,2,Bun Cha,STAFF-08
20240515005,3,Bun Cha,STAFF-11
20240515006,1,Thunder Tea Rice,STAFF-12
20240515006,2,Thunder Tea Rice,STAFF-12
20240515006,3,Thunder Tea Rice,STAFF-12
20240515007,1,Palak Paneer,STAFF-03
20240515007,2,Palak Paneer,STAFF-03
20240515007,3,Palak Paneer,STAFF-03
20240516001,1,Rinderrouladen,STAFF-09
20240516001,2,Rinderrouladen,STAFF-09
20240516002,1,Rinderrouladen,STAFF-01
20240516002,2,Rinderrouladen,STAFF-01
20240516002,3,Rinderrouladen,STAFF-01
20240516002,4,Rinderrouladen,STAFF-01
20240516003,1,Rendang,STAFF-10
20240516004,1,Palak Paneer,STAFF-06
20240516005,1,Rinderrouladen,STAFF-02
20240516006,1,Ayam Balado,STAFF-04
20240516007,1,Rendang,STAFF-05
20240516008,1,Rendang,STAFF-08
20240516008,2,Ayam Balado,STAFF-07
20240516008,3,Ayam Balado,STAFF-07
20240516008,4,Ayam Balado,STAFF-07
20240517001,1,Gudeg,STAFF-09
20240517001,2,Gudeg,STAFF-09
20240517002,1,Rinderrouladen,STAFF-11
20240517003,1,Rinderrouladen,STAFF-12
20240517003,2,Rinderrouladen,STAFF-12
20240517003,3,Rinderrouladen,STAFF-12
20240517004,1,Rinderrouladen,STAFF-01
20240517005,1,Palak Paneer,STAFF-03
20240517006,1,Palak Paneer,STAFF-06
20240517006,2,Palak Paneer,STAFF-06
20240517007,1,Gudeg,STAFF-10
20240517007,2,Gudeg,STAFF-10
20240517007,3,Gudeg,STAFF-10
20240517007,4,Gudeg,STAFF-10
20240517008,1,Rendang,STAFF-04
20240517008,2,Rendang,STAFF-04
20240517009,1,Rendang,STAFF-05
20240518001,1,Palak Paneer,STAFF-08
20240518001,2,Palak Paneer,STAFF-11
20240518002,1,Rinderrouladen,STAFF-02
20240518003,1,Rinderrouladen,STAFF-07
20240518003,2,Rinderrouladen,STAFF-07
20240518003,3,Rinderrouladen,STAFF-07
20240518003,4,Rinderrouladen,STAFF-09
20240518004,1,Rinderrouladen,STAFF-12
20240518004,2,Rinderrouladen,STAFF-12
20240518005,1,Rendang,STAFF-10
20240518006,1,Palak Paneer,STAFF-03
20240519001,1,Gudeg,STAFF-04
20240519001,2,Gudeg,STAFF-01
20240519002,1,Palak Paneer,STAFF-06
20240519003,1,Thunder Tea Rice,STAFF-02
20240519004,1,Rinderrouladen,STAFF-05
20240519005,1,Gudeg,STAFF-07
20240519005,2,Gudeg,STAFF-07
20240519006,1,Rinderrouladen,STAFF-09
20240519007,1,Rinderrouladen,STAFF-11
20240519007,2,Ayam Balado,STAFF-10
20240519007,3,Thunder Tea Rice,STAFF-08
20240519008,1,Palak Paneer,STAFF-12
20240519008,2,Palak Paneer,STAFF-12
20240519009,1,Palak Paneer,STAFF-03
20240519009,2,Palak Paneer,STAFF-03
20240519009,3,Palak Paneer,STAFF-03
20240519009,4,Palak Paneer,STAFF-03
20240519010,1,Palak Paneer,STAFF-06
20240519010,2,Palak Paneer,STAFF-06
20240520001,1,Rinderrouladen,STAFF-01
20240520001,2,Rinderrouladen,STAFF-01
20240520001,3,Rinderrouladen,STAFF-01
20240520002,1,Rendang,STAFF-04
20240520002,2,Rendang,STAFF-04
20240520002,3,Rendang,STAFF-04
20240520003,1,Rendang,STAFF-05
20240520003,2,Rendang,STAFF-05
20240520003,3,Rendang,STAFF-05
20240520003,4,Rendang,STAFF-05
20240520004,1,Gudeg,STAFF-07
20240520004,2,Gudeg,STAFF-07
20240520004,3,Gudeg,STAFF-08
20240520005,1,Gudeg,STAFF-09
20240520005,2,Gudeg,STAFF-10
20240520005,3,Gudeg,STAFF-10
20240520006,1,Rinderrouladen,STAFF-02
20240520006,2,Palak Paneer,STAFF-11
20240520006,3,Palak Paneer,STAFF-11
20240520007,1,Gudeg,STAFF-12
20240520007,2,Gudeg,STAFF-12
20240520008,1,Rendang,STAFF-01
20240520008,2,Rendang,STAFF-01
20240520009,1,Rendang,STAFF-03
20240520010,1,Rinderrouladen,STAFF-02
20240520010,2,Rinderrouladen,STAFF-02
20240520010,3,Sauerbraten,STAFF-04
20240520010,4,Sauerbraten,STAFF-04
20240520010,5,Sauerbraten,STAFF-04
20240520010,6,Sauerbraten,STAFF-04
20240520011,1,Bun Cha,STAFF-05
20240520012,1,Rinderrouladen,STAFF-07
20240520012,2,Rinderrouladen,STAFF-06
20240521001,1,Rendang,STAFF-08
20240521001,2,Rendang,STAFF-08
20240521001,3,Rendang,STAFF-08
20240521002,1,Rinderrouladen,STAFF-11
20240521002,2,Gudeg,STAFF-09
20240521003,1,Sauerbraten,STAFF-12
20240521003,2,Sauerbraten,STAFF-12
20240521003,3,Sauerbraten,STAFF-12
20240521004,1,Rendang,STAFF-10
20240521004,2,Rendang,STAFF-10
20240521004,3,Rendang,STAFF-10
20240521005,1,Rendang,STAFF-01
20240521005,2,Rendang,STAFF-01
20240521006,1,Thunder Tea Rice,STAFF-02
20240521006,2,Thunder Tea Rice,STAFF-02
20240521006,3,Thunder Tea Rice,STAFF-02
20240521007,1,Palak Paneer,STAFF-03
20240521008,1,Palak Paneer,STAFF-06
20240521008,2,Palak Paneer,STAFF-06
20240521008,3,Palak Paneer,STAFF-06
20240522001,1,Palak Paneer,STAFF-08
20240522001,2,Palak Paneer,STAFF-08
20240522002,1,Rinderrouladen,STAFF-04
20240522003,1,Bun Cha,STAFF-05
20240522003,2,Bun Cha,STAFF-05
20240522003,3,Bun Cha,STAFF-05
20240522004,1,Rinderrouladen,STAFF-07
20240522005,1,Gudeg,STAFF-09
20240522005,2,Gudeg,STAFF-10
20240522006,1,Rinderrouladen,STAFF-11
20240522006,2,Rinderrouladen,STAFF-11
20240522006,3,Rinderrouladen,STAFF-11
20240522006,4,Rinderrouladen,STAFF-11
20240522007,1,Palak Paneer,STAFF-03
20240522007,2,Palak Paneer,STAFF-12
20240522008,1,Ayam Balado,STAFF-01
20240522008,2,Ayam Balado,STAFF-01
20240522008,3,Ayam Balado,STAFF-01
20240522008,4,Palak Paneer,STAFF-06
20240523001,1,Palak Paneer,STAFF-08
20240523002,1,Thunder Tea Rice,STAFF-02
20240523002,2,Thunder Tea Rice,STAFF-02
20240523002,3,Thunder Tea Rice,STAFF-02
20240523002,4,Thunder Tea Rice,STAFF-02
20240523003,1,Palak Paneer,STAFF-11
20240523003,2,Palak Paneer,STAFF-11
20240523003,3,Palak Paneer,STAFF-11
20240523004,1,Palak Paneer,STAFF-12
20240523004,2,Palak Paneer,STAFF-12
20240523004,3,Palak Paneer,STAFF-12
20240523004,4,Palak Paneer,STAFF-12
20240523005,1,Palak Paneer,STAFF-03
20240523005,2,Palak Paneer,STAFF-03
20240523006,1,Rendang,STAFF-04
20240523006,2,Rendang,STAFF-04
20240523007,1,Palak Paneer,STAFF-06
20240523007,2,Rendang,STAFF-05
20240523007,3,Rendang,STAFF-05
20240523007,4,Rendang,STAFF-05
20240523008,1,Bun Cha,STAFF-07
20240523009,1,Palak Paneer,STAFF-08
20240523009,2,Palak Paneer,STAFF-11
20240523009,3,Palak Paneer,STAFF-11
20240523010,1,Palak Paneer,STAFF-12
20240523011,1,Palak Paneer,STAFF-03
20240523011,2,Palak Paneer,STAFF-03
20240523011,3,Palak Paneer,STAFF-03
20240523011,4,Rendang,STAFF-09
20240523011,5,Rendang,STAFF-09
20240523011,6,Rendang,STAFF-09
20240523011,7,Rendang,STAFF-09
20240523012,1,Rinderrouladen,STAFF-01
20240523013,1,Ayam Balado,STAFF-10
20240524001,1,Bun Cha,STAFF-05
20240524001,2,Bun Cha,STAFF-05
20240524001,3,Bun Cha,STAFF-05
20240524002,1,Gudeg,STAFF-04
20240524002,2,Gudeg,STAFF-07
20240524002,3,Gudeg,STAFF-07
20240524002,4,Gudeg,STAFF-07
20240524003,1,Ayam Balado,STAFF-09
20240524004,1,Bun Cha,STAFF-05
20240524004,2,Bun Cha,STAFF-05
20240524004,3,Bun Cha,STAFF-05
20240524004,4,Bun Cha,STAFF-05
20240524004,5,Bun Cha,STAFF-06
20240524005,1,Rinderrouladen,STAFF-02
20240525001,1,Gudeg,STAFF-10
20240525002,1,Rendang,STAFF-01
20240525003,1,Gudeg,STAFF-04
20240525003,2,Gudeg,STAFF-04
20240525004,1,Rinderrouladen,STAFF-02
20240525004,2,Rinderrouladen,STAFF-02
20240525004,3,Rinderrouladen,STAFF-07
20240525004,4,Rinderrouladen,STAFF-07
20240525005,1,Rinderrouladen,STAFF-09
20240525006,1,Gudeg,STAFF-08
20240525006,2,Gudeg,STAFF-08
20240525006,3,Gudeg,STAFF-08
20240525006,4,Rinderrouladen,STAFF-11
20240526001,1,Rendang,STAFF-10
20240526001,2,Rendang,STAFF-10
20240526002,1,Rinderrouladen,STAFF-12
20240526003,1,Bun Cha,STAFF-03
20240526004,1,Rinderrouladen,STAFF-01
20240526005,1,Palak Paneer,STAFF-06
20240526006,1,Ayam Balado,STAFF-04
20240526006,2,Ayam Balado,STAFF-04
20240526006,3,Ayam Balado,STAFF-05
20240526006,4,Gudeg,STAFF-07
20240526006,5,Gudeg,STAFF-07
20240526007,1,Rendang,STAFF-08
20240526008,1,Ayam Balado,STAFF-09
20240526008,2,Palak Paneer,STAFF-11
20240526009,1,Bun Cha,STAFF-12
20240526010,1,Palak Paneer,STAFF-03
20240526010,2,Palak Paneer,STAFF-03
20240526010,3,Palak Paneer,STAFF-03
20240526010,4,Palak Paneer,STAFF-03
20240526011,1,Rendang,STAFF-10
20240526012,1,Palak Paneer,STAFF-06
20240527001,1,Gudeg,STAFF-01
20240527002,1,Rinderrouladen,STAFF-02
20240527002,2,Rinderrouladen,STAFF-02
20240527002,3,Rinderrouladen,STAFF-02
20240527002,4,Sauerbraten,STAFF-02
20240527003,1,Gudeg,STAFF-04
20240527003,2,Gudeg,STAFF-04
20240527003,3,Gudeg,STAFF-05
20240527004,1,Rendang,STAFF-07
20240527005,1,Gudeg,STAFF-08
20240527005,2,Gudeg,STAFF-08
20240527005,3,Gudeg,STAFF-08
20240527006,1,Rendang,STAFF-09
20240527006,2,Rendang,STAFF-09
20240527006,3,Rendang,STAFF-09
20240527007,1,Rendang,STAFF-10
20240527007,2,Rendang,STAFF-10
20240527008,1,Rinderrouladen,STAFF-11
20240527009,1,Palak Paneer,STAFF-12
20240528001,1,Rinderrouladen,STAFF-01
20240528001,2,Rinderrouladen,STAFF-01
20240528002,1,Rinderrouladen,STAFF-02
20240528003,1,Palak Paneer,STAFF-03
20240528003,2,Palak Paneer,STAFF-03
20240528004,1,Palak Paneer,STAFF-06
20240528005,1,Sauerbraten,STAFF-04
20240528005,2,Sauerbraten,STAFF-04
20240528006,1,Bun Cha,STAFF-05
20240528007,1,Palak Paneer,STAFF-08
20240528007,2,Palak Paneer,STAFF-08
20240528008,1,Gudeg,STAFF-07
20240528008,2,Gudeg,STAFF-07
20240528008,3,Gudeg,STAFF-07
20240528008,4,Rendang,STAFF-09
20240528009,1,Rinderrouladen,STAFF-11
20240528010,1,Gudeg,STAFF-10
20240529001,1,Rendang,STAFF-12
20240529002,1,Rendang,STAFF-01
20240529002,2,Rendang,STAFF-01
20240529003,1,Ayam Balado,STAFF-03
20240529004,1,Gudeg,STAFF-04
20240529005,1,Rendang,STAFF-05
20240529006,1,Palak Paneer,STAFF-06
20240529006,2,Palak Paneer,STAFF-06
20240529006,3,Palak Paneer,STAFF-06
20240529007,1,Rendang,STAFF-07
20240529007,2,Rendang,STAFF-07
20240529008,1,Rendang,STAFF-09
20240529008,2,Rendang,STAFF-09
20240529008,3,Bun Cha,STAFF-08
20240529008,4,Bun Cha,STAFF-08
20240529009,1,Ayam Balado,STAFF-10
20240529009,2,Ayam Balado,STAFF-10
20240529009,3,Ayam Balado,STAFF-10
20240529009,4,Ayam Balado,STAFF-10
20240529010,1,Sauerbraten,STAFF-02
20240529010,2,Sauerbraten,STAFF-02
20240530001,1,Rendang,STAFF-12
20240530001,2,Palak Paneer,STAFF-11
20240530002,1,Rinderrouladen,STAFF-01
20240530003,1,Rendang,STAFF-03
20240530004,1,Rinderrouladen,STAFF-02
20240530004,2,Rinderrouladen,STAFF-02
20240530004,3,Rinderrouladen,STAFF-02
20240530005,1,Thunder Tea Rice,STAFF-06
20240530006,1,Thunder Tea Rice,STAFF-07
20240530007,1,Palak Paneer,STAFF-08
20240530007,2,Palak Paneer,STAFF-08
20240530007,3,Palak Paneer,STAFF-08
20240530008,1,Rendang,STAFF-04
20240530008,2,Rendang,STAFF-04
20240530009,1,Rinderrouladen,STAFF-09
20240530009,2,Ayam Balado,STAFF-05
20240531001,1,Rinderrouladen,STAFF-11
20240531001,2,Rinderrouladen,STAFF-11
20240531002,1,Rendang,STAFF-10
20240531003,1,Rendang,STAFF-12
20240531003,2,Rendang,STAFF-12
20240531003,3,Rendang,STAFF-12
20240531003,4,Rendang,STAFF-12
20240531004,1,Ayam Balado,STAFF-01
20240531004,2,Sauerbraten,STAFF-02
20240531005,1,Rinderrouladen,STAFF-04
20240531005,2,Rinderrouladen,STAFF-04
20240531006,1,Rendang,STAFF-03
20240531006,2,Rendang,STAFF-03
20240531006,3,Rendang,STAFF-05
20240531007,1,Palak Paneer,STAFF-06
20240531008,1,Rendang,STAFF-08
20240531008,2,Rinderrouladen,STAFF-07
20240531009,1,Bun Cha,STAFF-12
20240531009,2,Palak Paneer,STAFF-11
20240531009,3,Palak Paneer,STAFF-11
20240531009,4,Palak Paneer,STAFF-11
20240531009,5,Palak Paneer,STAFF-11
20240531009,6,Rinderrouladen,STAFF-09
20240601001,1,Bun Cha,STAFF-03
20240601002,1,Rendang,STAFF-10
20240601003,1,Rendang,STAFF-01
20240601003,2,Rendang,STAFF-01
20240601003,3,Rendang,STAFF-01
20240601004,1,Rinderrouladen,STAFF-02
20240601004,2,Rinderrouladen,STAFF-02
20240601005,1,Rinderrouladen,STAFF-04
20240601005,2,Rinderrouladen,STAFF-04
20240601005,3,Rinderrouladen,STAFF-04
20240601005,4,Rinderrouladen,STAFF-05
20240601006,1,Palak Paneer,STAFF-06
20240601006,2,Palak Paneer,STAFF-06
20240601006,3,Palak Paneer,STAFF-08
20240601007,1,Sauerbraten,STAFF-07
20240601008,1,Sauerbraten,STAFF-09
20240601008,2,Sauerbraten,STAFF-09
20240601008,3,Sauerbraten,STAFF-09
20240601009,1,Rinderrouladen,STAFF-11
20240602001,1,Rendang,STAFF-10
20240602002,1,Palak Paneer,STAFF-03
20240602002,2,Rinderrouladen,STAFF-12
20240602003,1,Rinderrouladen,STAFF-01
20240602003,2,Rinderrouladen,STAFF-01
20240602003,3,Rinderrouladen,STAFF-01
20240602003,4,Rinderrouladen,STAFF-01
20240602004,1,Rendang,STAFF-04
20240602005,1,Rinderrouladen,STAFF-02
20240602005,2,Rinderrouladen,STAFF-02
20240603001,1,Rendang,STAFF-05
20240603002,1,Rendang,STAFF-06
20240603002,2,Rendang,STAFF-06
20240603003,1,Palak Paneer,STAFF-08
20240603003,2,Palak Paneer,STAFF-08
20240603004,1,Rinderrouladen,STAFF-07
20240603004,2,Rinderrouladen,STAFF-07
20240603004,3,Rinderrouladen,STAFF-07
20240603005,1,Rendang,STAFF-09
20240603006,1,Rinderrouladen,STAFF-11
20240603006,2,Rinderrouladen,STAFF-12
20240603006,3,Rinderrouladen,STAFF-12
20240603006,4,Rinderrouladen,STAFF-12
20240604001,1,Bun Cha,STAFF-03
20240604002,1,Rinderrouladen,STAFF-01
20240604002,2,Rinderrouladen,STAFF-01
20240604002,3,Rinderrouladen,STAFF-01
20240604003,1,Ayam Balado,STAFF-04
20240604003,2,Rendang,STAFF-10
20240604003,3,Rendang,STAFF-10
20240604003,4,Rendang,STAFF-10
20240604004,1,Rendang,STAFF-05
20240604005,1,Bun Cha,STAFF-06
20240604005,2,Palak Paneer,STAFF-08
20240604005,3,Palak Paneer,STAFF-08
20240604005,4,Palak Paneer,STAFF-08
20240604006,1,Ayam Balado,STAFF-07
20240604007,1,Palak Paneer,STAFF-11
20240604007,2,Palak Paneer,STAFF-11
20240604007,3,Palak Paneer,STAFF-11
20240604007,4,Palak Paneer,STAFF-11
20240604008,1,Bun Cha,STAFF-12
20240604008,2,Bun Cha,STAFF-12
20240604008,3,Bun Cha,STAFF-12
20240604009,1,Rinderrouladen,STAFF-02
20240604009,2,Rinderrouladen,STAFF-02
20240604009,3,Rinderrouladen,STAFF-02
20240604010,1,Rinderrouladen,STAFF-01
20240604010,2,Rinderrouladen,STAFF-02
20240604010,3,Rinderrouladen,STAFF-02
20240604010,4,Rinderrouladen,STAFF-02
20240604010,5,Rinderrouladen,STAFF-09
20240605001,1,Palak Paneer,STAFF-03
20240605001,2,Palak Paneer,STAFF-06
20240605002,1,Gudeg,STAFF-10
20240605003,1,Rendang,STAFF-04
20240605004,1,Rinderrouladen,STAFF-05
20240605004,2,Rinderrouladen,STAFF-05
20240605005,1,Rinderrouladen,STAFF-07
20240605005,2,Rinderrouladen,STAFF-07
20240605005,3,Rinderrouladen,STAFF-07
20240605006,1,Rendang,STAFF-08
20240605007,1,Bun Cha,STAFF-11
20240605007,2,Sauerbraten,STAFF-09
20240605007,3,Sauerbraten,STAFF-09
20240606001,1,Rinderrouladen,STAFF-01
20240606001,2,Rinderrouladen,STAFF-12
20240606001,3,Rinderrouladen,STAFF-12
20240606001,4,Rinderrouladen,STAFF-12
20240606002,1,Rendang,STAFF-10
20240606002,2,Rendang,STAFF-10
20240606003,1,Gudeg,STAFF-03
20240606003,2,Gudeg,STAFF-03
20240606004,1,Rinderrouladen,STAFF-02
20240606005,1,Palak Paneer,STAFF-06
20240606006,1,Rendang,STAFF-04
20240606006,2,Rendang,STAFF-04
20240606006,3,Rendang,STAFF-04
20240606006,4,Rendang,STAFF-05
20240606007,1,Palak Paneer,STAFF-08
20240606007,2,Rinderrouladen,STAFF-07
20240606008,1,Rendang,STAFF-09
20240607001,1,Palak Paneer,STAFF-11
20240607002,1,Thunder Tea Rice,STAFF-12
20240607002,2,Thunder Tea Rice,STAFF-12
20240607003,1,Rinderrouladen,STAFF-01
20240607004,1,Bun Cha,STAFF-03
20240607004,2,Bun Cha,STAFF-05
20240607004,3,Bun Cha,STAFF-05
20240607004,4,Bun Cha,STAFF-05
20240607004,5,Bun Cha,STAFF-05
20240608001,1,Bun Cha,STAFF-06
20240608001,2,Bun Cha,STAFF-06
20240608001,3,Bun Cha,STAFF-06
20240608002,1,Rinderrouladen,STAFF-02
20240608003,1,Palak Paneer,STAFF-08
20240608003,2,Palak Paneer,STAFF-11
20240608003,3,Palak Paneer,STAFF-11
20240609001,1,Rendang,STAFF-10
20240609001,2,Rendang,STAFF-10
20240609001,3,Rendang,STAFF-10
20240609002,1,Rendang,STAFF-04
20240609002,2,Rendang,STAFF-04
20240609003,1,Palak Paneer,STAFF-12
20240609003,2,Palak Paneer,STAFF-12
20240609003,3,Palak Paneer,STAFF-12
20240609004,1,Bun Cha,STAFF-07
20240609005,1,Thunder Tea Rice,STAFF-02
20240609005,2,Thunder Tea Rice,STAFF-02
20240609006,1,Palak Paneer,STAFF-03
20240609007,1,Rendang,STAFF-01
20240609007,2,Rendang,STAFF-01
20240609007,3,Rendang,STAFF-10
20240609007,4,Rendang,STAFF-10
20240609007,5,Rendang,STAFF-10
20240609007,6,Rinderrouladen,STAFF-09
20240609008,1,Bun Cha,STAFF-05
20240609008,2,Bun Cha,STAFF-05
20240609009,1,Palak Paneer,STAFF-06
20240609009,2,Palak Paneer,STAFF-06
20240609009,3,Palak Paneer,STAFF-06
20240609010,1,Rinderrouladen,STAFF-04
20240609011,1,Gudeg,STAFF-07
20240609011,2,Gudeg,STAFF-07
20240609011,3,Gudeg,STAFF-07
20240610001,1,Palak Paneer,STAFF-08
20240610002,1,Rendang,STAFF-09
20240610003,1,Ayam Balado,STAFF-10
20240610003,2,Ayam Balado,STAFF-11
20240610003,3,Ayam Balado,STAFF-11
20240610004,1,Rendang,STAFF-01
20240610004,2,Rendang,STAFF-12
20240610004,3,Rendang,STAFF-12
20240611001,1,Rinderrouladen,STAFF-02
20240611002,1,Rendang,STAFF-03
20240611002,2,Rendang,STAFF-03
20240611002,3,Rendang,STAFF-03
20240611002,4,Rendang,STAFF-03
20240611002,5,Rendang,STAFF-04
20240611002,6,Rendang,STAFF-04
20240611002,7,Rendang,STAFF-04
20240611002,8,Rendang,STAFF-04
20240611003,1,Ayam Balado,STAFF-05
20240611004,1,Rinderrouladen,STAFF-06
20240611004,2,Rinderrouladen,STAFF-07
20240611004,3,Rinderrouladen,STAFF-07
20240612001,1,Ayam Balado,STAFF-08
20240612001,2,Ayam Balado,STAFF-08
20240612001,3,Ayam Balado,STAFF-08
20240612002,1,Palak Paneer,STAFF-11
20240612002,2,Palak Paneer,STAFF-11
20240612003,1,Rendang,STAFF-09
20240612004,1,Rendang,STAFF-10
20240612004,2,Rendang,STAFF-10
20240612004,3,Rendang,STAFF-10
20240612005,1,Ayam Balado,STAFF-12
20240612005,2,Ayam Balado,STAFF-12
20240612006,1,Rinderrouladen,STAFF-01
20240613001,1,Gudeg,STAFF-03
20240613001,2,Gudeg,STAFF-03
20240613002,1,Rendang,STAFF-04
20240613002,2,Rendang,STAFF-04
20240613002,3,Rendang,STAFF-04
20240613003,1,Rinderrouladen,STAFF-02
20240613004,1,Bun Cha,STAFF-05
20240613005,1,Rinderrouladen,STAFF-06
20240613005,2,Rinderrouladen,STAFF-06
20240613006,1,Ayam Balado,STAFF-07
20240613006,2,Ayam Balado,STAFF-07
20240613006,3,Ayam Balado,STAFF-07
20240613007,1,Rendang,STAFF-08
20240613008,1,Rinderrouladen,STAFF-09
20240613008,2,Thunder Tea Rice,STAFF-11
20240613008,3,Thunder Tea Rice,STAFF-11
20240613008,4,Thunder Tea Rice,STAFF-11
20240613008,5,Thunder Tea Rice,STAFF-11
20240613009,1,Thunder Tea Rice,STAFF-12
20240613009,2,Thunder Tea Rice,STAFF-12
20240613009,3,Thunder Tea Rice,STAFF-12
20240613010,1,Rinderrouladen,STAFF-01
20240613010,2,Rinderrouladen,STAFF-02
20240613010,3,Rinderrouladen,STAFF-02
20240613010,4,Rinderrouladen,STAFF-02
20240614001,1,Bun Cha,STAFF-03
20240614002,1,Gudeg,STAFF-10
20240614003,1,Rendang,STAFF-04
20240614003,2,Rendang,STAFF-04
20240614004,1,Rinderrouladen,STAFF-05
20240614004,2,Rinderrouladen,STAFF-05
20240614004,3,Rinderrouladen,STAFF-05
20240615001,1,Palak Paneer,STAFF-06
20240615002,1,Rendang,STAFF-07
20240615002,2,Rendang,STAFF-07
20240615002,3,Rinderrouladen,STAFF-09
20240615002,4,Rinderrouladen,STAFF-09
20240615002,5,Rinderrouladen,STAFF-09
20240615002,6,Rinderrouladen,STAFF-12
20240615002,7,Rinderrouladen,STAFF-12
20240615002,8,Sauerbraten,STAFF-11
20240615002,9,Thunder Tea Rice,STAFF-08
20240615003,1,Rinderrouladen,STAFF-01
20240615003,2,Rinderrouladen,STAFF-01
20240615004,1,Gudeg,STAFF-10
20240616001,1,Rinderrouladen,STAFF-02
20240616002,1,Ayam Balado,STAFF-04
20240616002,2,Ayam Balado,STAFF-04
20240616002,3,Ayam Balado,STAFF-05
20240616002,4,Ayam Balado,STAFF-05
20240616002,5,Ayam Balado,STAFF-05
20240616002,6,Rendang,STAFF-03
20240616003,1,Rinderrouladen,STAFF-06
20240616003,2,Rinderrouladen,STAFF-06
20240616003,3,Rinderrouladen,STAFF-06
20240616004,1,Thunder Tea Rice,STAFF-07
20240616004,2,Thunder Tea Rice,STAFF-07
20240616005,1,Rinderrouladen,STAFF-09
20240616005,2,Rinderrouladen,STAFF-09
20240616005,3,Rinderrouladen,STAFF-11
20240616006,1,Ayam Balado,STAFF-08
20240616006,2,Ayam Balado,STAFF-08
20240616007,1,Ayam Balado,STAFF-10
20240616008,1,Rinderrouladen,STAFF-01
20240616008,2,Rinderrouladen,STAFF-12
20240617001,1,Gudeg,STAFF-03
20240617001,2,Gudeg,STAFF-03
20240617001,3,Gudeg,STAFF-03
20240617001,4,Gudeg,STAFF-03
20240617002,1,Bun Cha,STAFF-05
20240617002,2,Bun Cha,STAFF-06
20240617003,1,Palak Paneer,STAFF-08
20240617004,1,Palak Paneer,STAFF-11
20240617004,2,Palak Paneer,STAFF-11
20240617005,1,Gudeg,STAFF-04
20240617005,2,Palak Paneer,STAFF-03
20240617005,3,Palak Paneer,STAFF-03
20240617005,4,Palak Paneer,STAFF-03
20240617005,5,Palak Paneer,STAFF-12
20240617005,6,Palak Paneer,STAFF-12
20240617005,7,Palak Paneer,STAFF-12
20240617006,1,Gudeg,STAFF-07
20240617006,2,Gudeg,STAFF-07
20240617007,1,Rinderrouladen,STAFF-02
20240618001,1,Gudeg,STAFF-09
20240618001,2,Palak Paneer,STAFF-06
20240618001,3,Palak Paneer,STAFF-06
20240618001,4,Palak Paneer,STAFF-06
20240618002,1,Palak Paneer,STAFF-08
20240618002,2,Palak Paneer,STAFF-08
20240618002,3,Palak Paneer,STAFF-08
20240618002,4,Palak Paneer,STAFF-11
20240618002,5,Palak Paneer,STAFF-11
20240618003,1,Bun Cha,STAFF-05
20240618003,2,Bun Cha,STAFF-05
20240618004,1,Rinderrouladen,STAFF-01
20240618004,2,Rinderrouladen,STAFF-02
20240618004,3,Rinderrouladen,STAFF-02
20240619001,1,Rendang,STAFF-10
20240619001,2,Rendang,STAFF-10
20240619001,3,Rendang,STAFF-10
20240619001,4,Rendang,STAFF-10
20240619002,1,Bun Cha,STAFF-07
20240619003,1,Gudeg,STAFF-04
20240619003,2,Gudeg,STAFF-04
20240619004,1,Rendang,STAFF-09
20240619004,2,Rendang,STAFF-09
20240619004,3,Sauerbraten,STAFF-12
20240619004,4,Sauerbraten,STAFF-12
20240619005,1,Rinderrouladen,STAFF-01
20240619006,1,Palak Paneer,STAFF-03
20240619006,2,Rendang,STAFF-10
20240619007,1,Rinderrouladen,STAFF-02
20240619007,2,Rinderrouladen,STAFF-02
20240619008,1,Palak Paneer,STAFF-06
20240619008,2,Rinderrouladen,STAFF-04
20240619008,3,Rinderrouladen,STAFF-04
20240620001,1,Rendang,STAFF-05
20240620001,2,Rendang,STAFF-05
20240620002,1,Rendang,STAFF-07
20240620002,2,Rendang,STAFF-08
20240620003,1,Rendang,STAFF-09
20240620004,1,Rendang,STAFF-10
20240620004,2,Rinderrouladen,STAFF-11
20240621001,1,Rendang,STAFF-12
20240621002,1,Gudeg,STAFF-01
20240621002,2,Gudeg,STAFF-01
20240621002,3,Gudeg,STAFF-01
20240621002,4,Gudeg,STAFF-01
20240621003,1,Rinderrouladen,STAFF-02
20240621003,2,Rinderrouladen,STAFF-04
20240621003,3,Rinderrouladen,STAFF-04
20240621004,1,Thunder Tea Rice,STAFF-03
20240621004,2,Thunder Tea Rice,STAFF-03
20240621004,3,Thunder Tea Rice,STAFF-03
20240621005,1,Rendang,STAFF-05
20240621006,1,Palak Paneer,STAFF-06
20240621006,2,Palak Paneer,STAFF-06
20240621006,3,Palak Paneer,STAFF-06
20240621006,4,Palak Paneer,STAFF-06
20240621006,5,Palak Paneer,STAFF-08
20240621006,6,Palak Paneer,STAFF-08
20240621007,1,Gudeg,STAFF-07
20240621007,2,Palak Paneer,STAFF-11
20240621007,3,Palak Paneer,STAFF-11
20240621007,4,Palak Paneer,STAFF-11
20240621007,5,Palak Paneer,STAFF-12
20240621008,1,Rinderrouladen,STAFF-09
20240621008,2,Rinderrouladen,STAFF-09
20240621008,3,Rinderrouladen,STAFF-09
20240622001,1,Bun Cha,STAFF-03
20240622002,1,Rinderrouladen,STAFF-01
20240622002,2,Rinderrouladen,STAFF-01
20240622003,1,Rinderrouladen,STAFF-02
20240622004,1,Rendang,STAFF-10
20240622005,1,Palak Paneer,STAFF-06
20240623001,1,Rinderrouladen,STAFF-04
20240623001,2,Rinderrouladen,STAFF-05
20240623001,3,Rinderrouladen,STAFF-05
20240623001,4,Rinderrouladen,STAFF-05
20240623002,1,Palak Paneer,STAFF-08
20240623002,2,Palak Paneer,STAFF-08
20240623003,1,Palak Paneer,STAFF-11
20240623003,2,Palak Paneer,STAFF-11
20240623003,3,Palak Paneer,STAFF-11
20240623003,4,Rendang,STAFF-07
20240624001,1,Rinderrouladen,STAFF-09
20240624001,2,Rinderrouladen,STAFF-09
20240624001,3,Rinderrouladen,STAFF-09
20240624002,1,Palak Paneer,STAFF-03
20240624002,2,Palak Paneer,STAFF-12
20240624002,3,Palak Paneer,STAFF-12
20240624002,4,Palak Paneer,STAFF-12
20240624002,5,Palak Paneer,STAFF-12
20240624003,1,Rendang,STAFF-10
20240624003,2,Rendang,STAFF-10
20240624004,1,Palak Paneer,STAFF-06
20240624004,2,Palak Paneer,STAFF-08
20240625001,1,Rendang,STAFF-01
20240625002,1,Rinderrouladen,STAFF-02
20240625003,1,Rinderrouladen,STAFF-04
20240625003,2,Rinderrouladen,STAFF-04
20240625003,3,Rinderrouladen,STAFF-04
20240625004,1,Palak Paneer,STAFF-11
20240626001,1,Rendang,STAFF-05
20240626002,1,Thunder Tea Rice,STAFF-07
20240626002,2,Thunder Tea Rice,STAFF-07
20240626003,1,Gudeg,STAFF-09
20240626004,1,Palak Paneer,STAFF-12
20240626004,2,Palak Paneer,STAFF-12
20240626004,3,Palak Paneer,STAFF-12
20240626004,4,Rendang,STAFF-10
20240626005,1,Rinderrouladen,STAFF-01
20240626005,2,Rinderrouladen,STAFF-01
20240626005,3,Rinderrouladen,STAFF-01
20240627001,1,Rinderrouladen,STAFF-02
20240627002,1,Bun Cha,STAFF-03
20240627002,2,Bun Cha,STAFF-03
20240627002,3,Bun Cha,STAFF-03
20240627003,1,Rinderrouladen,STAFF-04
20240627003,2,Rinderrouladen,STAFF-04
20240627003,3,Rinderrouladen,STAFF-04
20240627004,1,Palak Paneer,STAFF-06
20240628001,1,Bun Cha,STAFF-05
20240628001,2,Bun Cha,STAFF-05
20240628002,1,Thunder Tea Rice,STAFF-07
20240628003,1,Rinderrouladen,STAFF-09
20240628003,2,Rinderrouladen,STAFF-09
20240628003,3,Rinderrouladen,STAFF-09
20240628003,4,Rinderrouladen,STAFF-09
20240628004,1,Rendang,STAFF-08
20240628004,2,Rendang,STAFF-08
20240628004,3,Rendang,STAFF-08
20240628005,1,Palak Paneer,STAFF-11
20240628005,2,Palak Paneer,STAFF-11
20240628005,3,Palak Paneer,STAFF-11
20240629001,1,Rinderrouladen,STAFF-12
20240629001,2,Rinderrouladen,STAFF-12
20240629002,1,Rinderrouladen,STAFF-01
20240629002,2,Rinderrouladen,STAFF-02
20240629002,3,Rinderrouladen,STAFF-02
20240629002,4,Rinderrouladen,STAFF-02
20240629002,5,Rinderrouladen,STAFF-02
20240629003,1,Palak Paneer,STAFF-03
20240629003,2,Palak Paneer,STAFF-03
20240629003,3,Palak Paneer,STAFF-03
20240629003,4,Palak Paneer,STAFF-06
20240629003,5,Palak Paneer,STAFF-06
20240629003,6,Palak Paneer,STAFF-06
20240629003,7,Palak Paneer,STAFF-06
20240629004,1,Ayam Balado,STAFF-10
20240629004,2,Palak Paneer,STAFF-08
20240629005,1,Rendang,STAFF-04
20240630001,1,Rendang,STAFF-05
20240630001,2,Rendang,STAFF-05
20240630001,3,Rendang,STAFF-05
20240630002,1,Thunder Tea Rice,STAFF-07
20240630003,1,Ayam Balado,STAFF-09
20240630004,1,Rinderrouladen,STAFF-11
20240701001,1,Thunder Tea Rice,STAFF-12
20240701002,1,Palak Paneer,STAFF-03
20240701003,1,Palak Paneer,STAFF-06
20240702001,1,Gudeg,STAFF-10
20240702001,2,Rinderrouladen,STAFF-01
20240702001,3,Rinderrouladen,STAFF-01
20240702001,4,Rinderrouladen,STAFF-01
20240702002,1,Rendang,STAFF-04
20240702002,2,Rendang,STAFF-04
20240702002,3,Rendang,STAFF-04
20240702003,1,Gudeg,STAFF-05
20240702003,2,Gudeg,STAFF-05
20240702004,1,Rinderrouladen,STAFF-02
20240702004,2,Rinderrouladen,STAFF-02
20240702004,3,Rinderrouladen,STAFF-02
20240702005,1,Rinderrouladen,STAFF-07
20240703001,1,Rinderrouladen,STAFF-09
20240703002,1,Palak Paneer,STAFF-08
20240703003,1,Palak Paneer,STAFF-11
20240703004,1,Rinderrouladen,STAFF-12
20240703004,2,Rinderrouladen,STAFF-12
20240703005,1,Rinderrouladen,STAFF-01
20240703005,2,Rinderrouladen,STAFF-01
20240703006,1,Rendang,STAFF-10
20240703007,1,Thunder Tea Rice,STAFF-02
20240703008,1,Palak Paneer,STAFF-03
20240703009,1,Rendang,STAFF-04
20240704001,1,Rinderrouladen,STAFF-05
20240704002,1,Gudeg,STAFF-06
20240704002,2,Gudeg,STAFF-06
20240704002,3,Gudeg,STAFF-06
20240705001,1,Sauerbraten,STAFF-07
20240705002,1,Rinderrouladen,STAFF-09
20240705002,2,Rinderrouladen,STAFF-09
20240705003,1,Rinderrouladen,STAFF-11
20240705003,2,Rinderrouladen,STAFF-11
20240705003,3,Rinderrouladen,STAFF-11
20240705004,1,Thunder Tea Rice,STAFF-08
20240705005,1,Gudeg,STAFF-10
20240705006,1,Thunder Tea Rice,STAFF-12
20240705006,2,Thunder Tea Rice,STAFF-12
20240705006,3,Thunder Tea Rice,STAFF-12
20240705006,4,Thunder Tea Rice,STAFF-12
20240705007,1,Gudeg,STAFF-01
20240705007,2,Gudeg,STAFF-01
20240705007,3,Gudeg,STAFF-03
20240705008,1,Gudeg,STAFF-05
20240705008,2,Gudeg,STAFF-06
20240705008,3,Rendang,STAFF-04
20240706001,1,Rendang,STAFF-07
20240706001,2,Rendang,STAFF-07
20240706002,1,Rendang,STAFF-08
20240706002,2,Rendang,STAFF-09
20240706002,3,Rendang,STAFF-09
20240706002,4,Rendang,STAFF-09
20240706003,1,Rendang,STAFF-10
20240706003,2,Rinderrouladen,STAFF-02
20240706003,3,Rinderrouladen,STAFF-02
20240707001,1,Palak Paneer,STAFF-11
20240707001,2,Palak Paneer,STAFF-11
20240707001,3,Palak Paneer,STAFF-11
20240707002,1,Rinderrouladen,STAFF-01
20240707002,2,Rinderrouladen,STAFF-01
20240707002,3,Rinderrouladen,STAFF-12
20240707002,4,Rinderrouladen,STAFF-12
20240707003,1,Palak Paneer,STAFF-03
20240707003,2,Palak Paneer,STAFF-06
20240707003,3,Palak Paneer,STAFF-06
20240707003,4,Palak Paneer,STAFF-06
20240707004,1,Ayam Balado,STAFF-04
20240707004,2,Ayam Balado,STAFF-04
20240707004,3,Sauerbraten,STAFF-02
20240707004,4,Sauerbraten,STAFF-02
20240707004,5,Sauerbraten,STAFF-02
20240707004,6,Sauerbraten,STAFF-02
20240707005,1,Rendang,STAFF-05
20240707005,2,Rendang,STAFF-05
20240707006,1,Palak Paneer,STAFF-08
20240707006,2,Palak Paneer,STAFF-08
20240707007,1,Ayam Balado,STAFF-07
20240707008,1,Rinderrouladen,STAFF-09
20240708001,1,Rendang,STAFF-10
20240708001,2,Rendang,STAFF-10
20240708002,1,Gudeg,STAFF-11
20240708003,1,Gudeg,STAFF-12
20240708003,2,Gudeg,STAFF-12
20240708004,1,Rinderrouladen,STAFF-01
20240708004,2,Rinderrouladen,STAFF-01
20240708004,3,Rinderrouladen,STAFF-01
20240708005,1,Rendang,STAFF-03
20240709001,1,Rinderrouladen,STAFF-02
20240709002,1,Rinderrouladen,STAFF-04
20240709002,2,Rinderrouladen,STAFF-04
20240709003,1,Palak Paneer,STAFF-06
20240709003,2,Palak Paneer,STAFF-06
20240709003,3,Rinderrouladen,STAFF-05
20240709004,1,Rinderrouladen,STAFF-07
20240710001,1,Gudeg,STAFF-08
20240710002,1,Rinderrouladen,STAFF-09
20240710003,1,Rendang,STAFF-10
20240711001,1,Ayam Balado,STAFF-11
20240711001,2,Ayam Balado,STAFF-11
20240711002,1,Rinderrouladen,STAFF-12
20240711003,1,Rendang,STAFF-01
20240711004,1,Gudeg,STAFF-03
20240711004,2,Gudeg,STAFF-03
20240711004,3,Gudeg,STAFF-03
20240712001,1,Bun Cha,STAFF-05
20240712002,1,Ayam Balado,STAFF-04
20240712002,2,Ayam Balado,STAFF-04
20240712002,3,Ayam Balado,STAFF-04
20240712003,1,Ayam Balado,STAFF-06
20240712003,2,Ayam Balado,STAFF-07
20240712003,3,Ayam Balado,STAFF-07
20240712003,4,Ayam Balado,STAFF-07
20240712004,1,Ayam Balado,STAFF-08
20240712004,2,Ayam Balado,STAFF-08
20240712004,3,Ayam Balado,STAFF-08
20240712004,4,Ayam Balado,STAFF-08
20240713001,1,Rendang,STAFF-09
20240713001,2,Rendang,STAFF-10
20240713001,3,Rendang,STAFF-10
20240714001,1,Gudeg,STAFF-11
20240714001,2,Gudeg,STAFF-11
20240714001,3,Palak Paneer,STAFF-12
20240714001,4,Rinderrouladen,STAFF-02
20240714002,1,Rendang,STAFF-01
20240714003,1,Gudeg,STAFF-03
20240714003,2,Gudeg,STAFF-03
20240714003,3,Gudeg,STAFF-03
20240714004,1,Rendang,STAFF-04
20240715001,1,Palak Paneer,STAFF-06
20240716001,1,Rinderrouladen,STAFF-02
20240716002,1,Ayam Balado,STAFF-05
20240717001,1,Rinderrouladen,STAFF-07
20240718001,1,Rinderrouladen,STAFF-09
20240718001,2,Rinderrouladen,STAFF-09
20240718001,3,Rinderrouladen,STAFF-09
20240718002,1,Thunder Tea Rice,STAFF-08
20240718003,1,Bun Cha,STAFF-12
20240718003,2,Bun Cha,STAFF-12
20240718003,3,Bun Cha,STAFF-12
20240718003,4,Gudeg,STAFF-10
20240718003,5,Gudeg,STAFF-10
20240718003,6,Gudeg,STAFF-10
20240718003,7,Gudeg,STAFF-11
20240718003,8,Gudeg,STAFF-11
20240718004,1,Rendang,STAFF-01
20240718005,1,Palak Paneer,STAFF-03
20240718005,2,Palak Paneer,STAFF-03
20240718006,1,Rendang,STAFF-04
20240718006,2,Rendang,STAFF-04
20240718007,1,Ayam Balado,STAFF-05
20240718007,2,Rendang,STAFF-06
20240718007,3,Rendang,STAFF-06
20240718007,4,Rendang,STAFF-06
20240718008,1,Rendang,STAFF-07
20240719001,1,Gudeg,STAFF-08
20240719002,1,Rinderrouladen,STAFF-02
20240719002,2,Rinderrouladen,STAFF-02
20240719003,1,Rendang,STAFF-09
20240719003,2,Rinderrouladen,STAFF-11
20240719003,3,Rinderrouladen,STAFF-11
20240719003,4,Rinderrouladen,STAFF-11
20240719004,1,Rendang,STAFF-01
20240719004,2,Rendang,STAFF-01
20240719004,3,Rendang,STAFF-03
20240719004,4,Rendang,STAFF-03
20240719004,5,Rendang,STAFF-03
20240719004,6,Rendang,STAFF-10
20240719004,7,Sauerbraten,STAFF-12
20240719004,8,Sauerbraten,STAFF-12
20240720001,1,Gudeg,STAFF-04
20240720001,2,Gudeg,STAFF-04
20240720001,3,Gudeg,STAFF-04
20240720001,4,Gudeg,STAFF-06
20240720001,5,Rendang,STAFF-05
20240720002,1,Rendang,STAFF-07
20240720002,2,Rendang,STAFF-07
20240720002,3,Rendang,STAFF-07
20240720002,4,Rendang,STAFF-07
20240720003,1,Rendang,STAFF-08
20240720004,1,Gudeg,STAFF-09
20240720004,2,Gudeg,STAFF-09
20240720004,3,Gudeg,STAFF-09
20240720004,4,Gudeg,STAFF-09
20240720005,1,Rendang,STAFF-10
20240720005,2,Rendang,STAFF-10
20240721001,1,Sauerbraten,STAFF-02
20240721002,1,Palak Paneer,STAFF-11
20240721003,1,Bun Cha,STAFF-12
20240721004,1,Rendang,STAFF-01
20240721004,2,Rendang,STAFF-01
20240722001,1,Gudeg,STAFF-03
20240722002,1,Gudeg,STAFF-04
20240722003,1,Rinderrouladen,STAFF-02
20240722004,1,Rendang,STAFF-05
20240723001,1,Rendang,STAFF-06
20240723002,1,Gudeg,STAFF-07
20240723002,2,Gudeg,STAFF-07
20240723003,1,Rinderrouladen,STAFF-09
20240723003,2,Rinderrouladen,STAFF-09
20240723003,3,Rinderrouladen,STAFF-09
20240723004,1,Sauerbraten,STAFF-11
20240723005,1,Rendang,STAFF-08
20240723006,1,Gudeg,STAFF-10
20240723007,1,Rinderrouladen,STAFF-12
20240723007,2,Rinderrouladen,STAFF-12
20240723007,3,Rinderrouladen,STAFF-12
20240723008,1,Rendang,STAFF-03
20240723008,2,Rendang,STAFF-03
20240723008,3,Rendang,STAFF-03
20240723008,4,Rendang,STAFF-03
20240723008,5,Rinderrouladen,STAFF-01
20240723009,1,Rendang,STAFF-04
20240723009,2,Rendang,STAFF-04
20240723010,1,Gudeg,STAFF-05
20240723010,2,Gudeg,STAFF-06
20240723010,3,Gudeg,STAFF-06
20240724001,1,Rinderrouladen,STAFF-02
20240724001,2,Rinderrouladen,STAFF-02
20240724002,1,Rinderrouladen,STAFF-07
20240724003,1,Thunder Tea Rice,STAFF-08
20240724003,2,Thunder Tea Rice,STAFF-08
20240724004,1,Palak Paneer,STAFF-11
20240724004,2,Palak Paneer,STAFF-11
20240724005,1,Rendang,STAFF-09
20240724005,2,Rendang,STAFF-09
20240724006,1,Thunder Tea Rice,STAFF-12
20240724007,1,Rendang,STAFF-10
20240724007,2,Rendang,STAFF-10
20240724007,3,Rendang,STAFF-10
20240724007,4,Rendang,STAFF-10
20240724008,1,Palak Paneer,STAFF-03
20240724008,2,Palak Paneer,STAFF-06
20240724008,3,Palak Paneer,STAFF-06
20240724009,1,Gudeg,STAFF-04
20240724009,2,Rinderrouladen,STAFF-01
20240724010,1,Gudeg,STAFF-05
20240725001,1,Gudeg,STAFF-07
20240725001,2,Gudeg,STAFF-07
20240725002,1,Rendang,STAFF-08
20240725002,2,Rendang,STAFF-08
20240725002,3,Rendang,STAFF-08
20240725003,1,Rinderrouladen,STAFF-02
20240725004,1,Gudeg,STAFF-09
20240725005,1,Palak Paneer,STAFF-11
20240725006,1,Palak Paneer,STAFF-12
20240725007,1,Bun Cha,STAFF-03
20240725007,2,Thunder Tea Rice,STAFF-02
20240725008,1,Bun Cha,STAFF-05
20240725008,2,Sauerbraten,STAFF-01
20240725008,3,Sauerbraten,STAFF-01
20240726001,1,Rendang,STAFF-10
20240726001,2,Rendang,STAFF-10
20240726002,1,Rinderrouladen,STAFF-04
20240726002,2,Rinderrouladen,STAFF-04
20240726002,3,Thunder Tea Rice,STAFF-06
20240726002,4,Thunder Tea Rice,STAFF-06
20240726003,1,Bun Cha,STAFF-07
20240726003,2,Bun Cha,STAFF-08
20240726003,3,Bun Cha,STAFF-08
20240726003,4,Bun Cha,STAFF-08
20240726004,1,Rendang,STAFF-09
20240726004,2,Rendang,STAFF-10
20240726004,3,Rendang,STAFF-10
20240726005,1,Rinderrouladen,STAFF-11
20240726006,1,Rinderrouladen,STAFF-12
20240726006,2,Rinderrouladen,STAFF-12
20240726006,3,Rinderrouladen,STAFF-12
20240726007,1,Palak Paneer,STAFF-03
20240726007,2,Palak Paneer,STAFF-06
20240726008,1,Rendang,STAFF-01
20240726009,1,Gudeg,STAFF-04
20240726010,1,Palak Paneer,STAFF-08
20240726011,1,Rendang,STAFF-05
20240726012,1,Rinderrouladen,STAFF-02
20240726012,2,Rinderrouladen,STAFF-02
20240727001,1,Palak Paneer,STAFF-11
20240727002,1,Rinderrouladen,STAFF-07
20240727002,2,Rinderrouladen,STAFF-07
20240727003,1,Rinderrouladen,STAFF-09
20240727004,1,Thunder Tea Rice,STAFF-12
20240727004,2,Thunder Tea Rice,STAFF-12
20240727005,1,Rinderrouladen,STAFF-01
20240727005,2,Rinderrouladen,STAFF-01
20240727005,3,Rinderrouladen,STAFF-01
20240727006,1,Thunder Tea Rice,STAFF-02
20240727007,1,Rendang,STAFF-10
20240727007,2,Rendang,STAFF-10
20240727007,3,Rendang,STAFF-10
20240727008,1,Palak Paneer,STAFF-03
20240727009,1,Palak Paneer,STAFF-06
20240727010,1,Rinderrouladen,STAFF-04
20240727010,2,Rinderrouladen,STAFF-04
20240727010,3,Rinderrouladen,STAFF-05
20240727011,1,Rendang,STAFF-07
20240727012,1,Palak Paneer,STAFF-08
20240727012,2,Palak Paneer,STAFF-08
20240728001,1,Thunder Tea Rice,STAFF-11
20240728001,2,Thunder Tea Rice,STAFF-11
20240728001,3,Thunder Tea Rice,STAFF-11
20240728002,1,Rendang,STAFF-10
20240728002,2,Rinderrouladen,STAFF-09
20240729001,1,Rendang,STAFF-12
20240729001,2,Rendang,STAFF-12
20240729001,3,Rendang,STAFF-12
20240729001,4,Rendang,STAFF-12
20240729002,1,Gudeg,STAFF-01
20240729002,2,Gudeg,STAFF-01
20240729003,1,Rinderrouladen,STAFF-02
20240729004,1,Gudeg,STAFF-03
20240729005,1,Rinderrouladen,STAFF-04
20240729005,2,Rinderrouladen,STAFF-04
20240729006,1,Palak Paneer,STAFF-06
20240729007,1,Ayam Balado,STAFF-05
20240729007,2,Ayam Balado,STAFF-05
20240729007,3,Ayam Balado,STAFF-07
20240729007,4,Ayam Balado,STAFF-07
20240729007,5,Ayam Balado,STAFF-07
20240729008,1,Palak Paneer,STAFF-08
20240729009,1,Gudeg,STAFF-09
20240729009,2,Gudeg,STAFF-09
20240729009,3,Gudeg,STAFF-09
20240729010,1,Sauerbraten,STAFF-11
20240729010,2,Sauerbraten,STAFF-11
20240730001,1,Rinderrouladen,STAFF-12
20240730002,1,Bun Cha,STAFF-03
20240730003,1,Palak Paneer,STAFF-06
20240730003,2,Palak Paneer,STAFF-06
20240730004,1,Rinderrouladen,STAFF-01
20240730005,1,Bun Cha,STAFF-05
20240730006,1,Rinderrouladen,STAFF-02
20240730006,2,Rinderrouladen,STAFF-02
20240730007,1,Rendang,STAFF-10
20240730007,2,Rendang,STAFF-10
20240730007,3,Rendang,STAFF-10
20240730008,1,Gudeg,STAFF-04
20240730008,2,Thunder Tea Rice,STAFF-07
20240730008,3,Thunder Tea Rice,STAFF-07
20240730009,1,Rinderrouladen,STAFF-09
20240730010,1,Rinderrouladen,STAFF-11
20240730010,2,Rinderrouladen,STAFF-11
20240730010,3,Rinderrouladen,STAFF-11
20240730011,1,Rinderrouladen,STAFF-12
20240730011,2,Rinderrouladen,STAFF-12
20240730011,3,Rinderrouladen,STAFF-12
20240730012,1,Rinderrouladen,STAFF-01
20240730012,2,Rinderrouladen,STAFF-01
20240730012,3,Rinderrouladen,STAFF-01
20240730013,1,Rendang,STAFF-08
20240730013,2,Rendang,STAFF-08
20240730014,1,Rinderrouladen,STAFF-02
20240730015,1,Bun Cha,STAFF-03
20240730015,2,Bun Cha,STAFF-03
20240730015,3,Rinderrouladen,STAFF-04
20240730016,1,Thunder Tea Rice,STAFF-06
20240730016,2,Thunder Tea Rice,STAFF-06
20240730017,1,Rinderrouladen,STAFF-05
20240730017,2,Rinderrouladen,STAFF-07
20240730018,1,Rinderrouladen,STAFF-09
20240730018,2,Rinderrouladen,STAFF-09
20240730019,1,Rendang,STAFF-10
20240730020,1,Gudeg,STAFF-08
20240730020,2,Palak Paneer,STAFF-11
20240730020,3,Palak Paneer,STAFF-11
20240731001,1,Rinderrouladen,STAFF-12
20240731002,1,Rinderrouladen,STAFF-01
20240731002,2,Rinderrouladen,STAFF-02
20240731003,1,Gudeg,STAFF-03
20240731003,2,Gudeg,STAFF-10
20240731004,1,Rinderrouladen,STAFF-04
20240731005,1,Rendang,STAFF-06
20240731005,2,Sauerbraten,STAFF-05
20240731005,3,Sauerbraten,STAFF-05
20240731005,4,Sauerbraten,STAFF-05
20240731006,1,Rinderrouladen,STAFF-07
20240731006,2,Rinderrouladen,STAFF-07
20240731007,1,Bun Cha,STAFF-08
20240731007,2,Bun Cha,STAFF-08
20240731007,3,Bun Cha,STAFF-08
20240731008,1,Rendang,STAFF-09
20240731008,2,Rendang,STAFF-09
20240731008,3,Rendang,STAFF-09
20240731009,1,Bun Cha,STAFF-11
20240731010,1,Rendang,STAFF-10
20240731011,1,Sauerbraten,STAFF-12
20240731012,1,Bun Cha,STAFF-03
20240731012,2,Bun Cha,STAFF-03
20240731012,3,Bun Cha,STAFF-03
20240731012,4,Rendang,STAFF-01
20240731012,5,Rendang,STAFF-01
20240731012,6,Rendang,STAFF-01
20240731013,1,Palak Paneer,STAFF-06
20240731014,1,Bun Cha,STAFF-05
20240731015,1,Rinderrouladen,STAFF-02
20240731015,2,Rinderrouladen,STAFF-02
20240731015,3,Rinderrouladen,STAFF-02
20240731016,1,Rendang,STAFF-04
20240731016,2,Rendang,STAFF-04
20240731016,3,Rendang,STAFF-04
20240731017,1,Rendang,STAFF-07
20240731017,2,Rendang,STAFF-07
20240731018,1,Rendang,STAFF-08
20240731018,2,Rendang,STAFF-08
20240801001,1,Rinderrouladen,STAFF-09
20240801001,2,Rinderrouladen,STAFF-09
20240801001,3,Rinderrouladen,STAFF-09
20240801002,1,Rinderrouladen,STAFF-11
20240801003,1,Rinderrouladen,STAFF-12
20240801004,1,Rinderrouladen,STAFF-01
20240801004,2,Rinderrouladen,STAFF-01
20240801005,1,Bun Cha,STAFF-03
20240801005,2,Palak Paneer,STAFF-06
20240801006,1,Palak Paneer,STAFF-08
20240801006,2,Palak Paneer,STAFF-08
20240801006,3,Palak Paneer,STAFF-08
20240801007,1,Rinderrouladen,STAFF-02
20240801007,2,Rinderrouladen,STAFF-02
20240801008,1,Gudeg,STAFF-10
20240801008,2,Gudeg,STAFF-10
20240801008,3,Rinderrouladen,STAFF-04
20240801009,1,Gudeg,STAFF-05
20240801009,2,Gudeg,STAFF-05
20240801010,1,Palak Paneer,STAFF-11
20240802001,1,Rinderrouladen,STAFF-07
20240802002,1,Rinderrouladen,STAFF-09
20240802003,1,Bun Cha,STAFF-12
20240802003,2,Bun Cha,STAFF-12
20240802003,3,Bun Cha,STAFF-12
20240802004,1,Rinderrouladen,STAFF-01
20240802004,2,Rinderrouladen,STAFF-01
20240802005,1,Rendang,STAFF-10
20240803001,1,Rinderrouladen,STAFF-02
20240803001,2,Rinderrouladen,STAFF-02
20240803002,1,Rinderrouladen,STAFF-04
20240803002,2,Rinderrouladen,STAFF-04
20240803002,3,Rinderrouladen,STAFF-04
20240803002,4,Rinderrouladen,STAFF-04
20240803002,5,Rinderrouladen,STAFF-05
20240803002,6,Rinderrouladen,STAFF-05
20240803002,7,Rinderrouladen,STAFF-05
20240803002,8,Rinderrouladen,STAFF-05
20240803003,1,Rinderrouladen,STAFF-06
20240803003,2,Rinderrouladen,STAFF-06
20240803004,1,Bun Cha,STAFF-03
20240803004,2,Bun Cha,STAFF-03
20240803004,3,Bun Cha,STAFF-03
20240803004,4,Bun Cha,STAFF-07
20240803004,5,Bun Cha,STAFF-07
20240803004,6,Bun Cha,STAFF-07
20240803005,1,Rinderrouladen,STAFF-09
20240803005,2,Rinderrouladen,STAFF-09
20240803005,3,Rinderrouladen,STAFF-11
20240803005,4,Thunder Tea Rice,STAFF-08
20240803005,5,Thunder Tea Rice,STAFF-08
20240803006,1,Rinderrouladen,STAFF-12
20240803006,2,Rinderrouladen,STAFF-12
20240803007,1,Palak Paneer,STAFF-03
20240803007,2,Palak Paneer,STAFF-03
20240803008,1,Rendang,STAFF-01
20240803008,2,Rendang,STAFF-01
20240803008,3,Rendang,STAFF-10
20240804001,1,Palak Paneer,STAFF-06
20240804002,1,Rinderrouladen,STAFF-02
20240804002,2,Rinderrouladen,STAFF-02
20240804003,1,Palak Paneer,STAFF-08
20240804003,2,Palak Paneer,STAFF-08
20240804003,3,Rinderrouladen,STAFF-04
20240804003,4,Rinderrouladen,STAFF-04
20240804003,5,Rinderrouladen,STAFF-04
20240804003,6,Rinderrouladen,STAFF-04
20240804004,1,Palak Paneer,STAFF-11
20240804004,2,Palak Paneer,STAFF-12
20240805001,1,Bun Cha,STAFF-05
20240805001,2,Bun Cha,STAFF-05
20240805002,1,Rinderrouladen,STAFF-07
20240805003,1,Bun Cha,STAFF-03
20240805003,2,Bun Cha,STAFF-03
20240805003,3,Bun Cha,STAFF-03
20240805004,1,Palak Paneer,STAFF-06
20240805004,2,Palak Paneer,STAFF-06
20240805005,1,Rendang,STAFF-09
20240805005,2,Rendang,STAFF-10
20240805006,1,Rendang,STAFF-01
20240805006,2,Rinderrouladen,STAFF-02
20240805007,1,Rendang,STAFF-04
20240805007,2,Rendang,STAFF-04
20240805007,3,Rendang,STAFF-04
20240805008,1,Rendang,STAFF-05
20240805009,1,Sauerbraten,STAFF-07
20240805009,2,Sauerbraten,STAFF-09
20240805010,1,Rinderrouladen,STAFF-11
20240805010,2,Rinderrouladen,STAFF-11
20240806001,1,Bun Cha,STAFF-08
20240806002,1,Ayam Balado,STAFF-10
20240806003,1,Palak Paneer,STAFF-12
20240806003,2,Palak Paneer,STAFF-12
20240806003,3,Rendang,STAFF-01
20240806003,4,Rendang,STAFF-01
20240806003,5,Rendang,STAFF-01
20240806003,6,Sauerbraten,STAFF-02
20240806004,1,Rendang,STAFF-03
20240806005,1,Rinderrouladen,STAFF-04
20240806006,1,Rendang,STAFF-05
20240807001,1,Rinderrouladen,STAFF-06
20240807002,1,Gudeg,STAFF-07
20240807002,2,Gudeg,STAFF-08
20240807002,3,Gudeg,STAFF-08
20240807003,1,Thunder Tea Rice,STAFF-11
20240807003,2,Thunder Tea Rice,STAFF-11
20240807004,1,Gudeg,STAFF-09
20240807005,1,Rendang,STAFF-10
20240807006,1,Sauerbraten,STAFF-12
20240807006,2,Sauerbraten,STAFF-12
20240807006,3,Sauerbraten,STAFF-12
20240807007,1,Palak Paneer,STAFF-03
20240807007,2,Palak Paneer,STAFF-03
20240807008,1,Rendang,STAFF-01
20240807008,2,Rendang,STAFF-01
20240807008,3,Rendang,STAFF-01
20240807009,1,Rendang,STAFF-04
20240807009,2,Rendang,STAFF-04
20240808001,1,Bun Cha,STAFF-05
20240808001,2,Thunder Tea Rice,STAFF-02
20240808002,1,Rinderrouladen,STAFF-06
20240808002,2,Rinderrouladen,STAFF-06
20240808003,1,Bun Cha,STAFF-07
20240808003,2,Bun Cha,STAFF-07
20240808003,3,Bun Cha,STAFF-07
20240808003,4,Bun Cha,STAFF-08
20240808004,1,Palak Paneer,STAFF-11
20240808004,2,Palak Paneer,STAFF-11
20240808005,1,Palak Paneer,STAFF-12
20240808005,2,Palak Paneer,STAFF-12
20240808006,1,Rinderrouladen,STAFF-09
20240808006,2,Rinderrouladen,STAFF-09
20240808006,3,Rinderrouladen,STAFF-09
20240808006,4,Rinderrouladen,STAFF-09
20240809001,1,Rendang,STAFF-10
20240809002,1,Gudeg,STAFF-01
20240809003,1,Bun Cha,STAFF-03
20240809003,2,Bun Cha,STAFF-03
20240809003,3,Bun Cha,STAFF-03
20240809004,1,Rinderrouladen,STAFF-02
20240809005,1,Rendang,STAFF-04
20240809005,2,Rendang,STAFF-04
20240809006,1,Gudeg,STAFF-05
20240809006,2,Gudeg,STAFF-05
20240809006,3,Gudeg,STAFF-05
20240809007,1,Gudeg,STAFF-06
20240809008,1,Ayam Balado,STAFF-07
20240809008,2,Ayam Balado,STAFF-07
20240810001,1,Palak Paneer,STAFF-08
20240810001,2,Rinderrouladen,STAFF-09
20240810002,1,Bun Cha,STAFF-11
20240810002,2,Bun Cha,STAFF-11
20240810003,1,Bun Cha,STAFF-12
20240810003,2,Gudeg,STAFF-10
20240810004,1,Rendang,STAFF-01
20240810004,2,Rendang,STAFF-01
20240810004,3,Rendang,STAFF-01
20240810005,1,Rinderrouladen,STAFF-02
20240810005,2,Rinderrouladen,STAFF-02
20240810006,1,Rendang,STAFF-03
20240810007,1,Sauerbraten,STAFF-04
20240810007,2,Sauerbraten,STAFF-04
20240810007,3,Sauerbraten,STAFF-05
20240810007,4,Sauerbraten,STAFF-05
20240810007,5,Sauerbraten,STAFF-05
20240810008,1,Sauerbraten,STAFF-06
20240811001,1,Rendang,STAFF-07
20240811001,2,Rendang,STAFF-08
20240811002,1,Rinderrouladen,STAFF-09
20240811002,2,Rinderrouladen,STAFF-09
20240811003,1,Palak Paneer,STAFF-11
20240811003,2,Rinderrouladen,STAFF-12
20240811003,3,Rinderrouladen,STAFF-12
20240811004,1,Bun Cha,STAFF-03
20240811005,1,Rendang,STAFF-10
20240811006,1,Rinderrouladen,STAFF-01
20240811006,2,Sauerbraten,STAFF-02
20240811007,1,Palak Paneer,STAFF-06
20240811007,2,Palak Paneer,STAFF-06
20240811007,3,Palak Paneer,STAFF-06
20240811007,4,Palak Paneer,STAFF-06
20240811008,1,Thunder Tea Rice,STAFF-07
20240811008,2,Thunder Tea Rice,STAFF-07
20240811008,3,Thunder Tea Rice,STAFF-07
20240811009,1,Bun Cha,STAFF-05
20240811009,2,Bun Cha,STAFF-05
20240811010,1,Rendang,STAFF-04
20240811011,1,Rendang,STAFF-08
20240811012,1,Palak Paneer,STAFF-11
20240812001,1,Ayam Balado,STAFF-09
20240812001,2,Ayam Balado,STAFF-09
20240812001,3,Ayam Balado,STAFF-09
20240812002,1,Rinderrouladen,STAFF-12
20240812003,1,Gudeg,STAFF-10
20240812003,2,Rendang,STAFF-01
20240812003,3,Rendang,STAFF-01
20240812004,1,Rendang,STAFF-03
20240812004,2,Rendang,STAFF-03
20240812004,3,Rendang,STAFF-03
20240812005,1,Rinderrouladen,STAFF-04
20240812005,2,Thunder Tea Rice,STAFF-02
20240812006,1,Rinderrouladen,STAFF-05
20240812006,2,Rinderrouladen,STAFF-05
20240812007,1,Rinderrouladen,STAFF-06
20240812007,2,Rinderrouladen,STAFF-07
20240812007,3,Rinderrouladen,STAFF-07
20240812007,4,Rinderrouladen,STAFF-07
20240812008,1,Rendang,STAFF-08
20240812009,1,Palak Paneer,STAFF-11
20240812009,2,Palak Paneer,STAFF-12
20240812009,3,Palak Paneer,STAFF-12
20240812009,4,Palak Paneer,STAFF-12
20240813001,1,Rinderrouladen,STAFF-09
20240813002,1,Rinderrouladen,STAFF-01
20240813002,2,Rinderrouladen,STAFF-01
20240813003,1,Rinderrouladen,STAFF-02
20240813003,2,Rinderrouladen,STAFF-02
20240813003,3,Rinderrouladen,STAFF-02
20240813003,4,Rinderrouladen,STAFF-02
20240813004,1,Bun Cha,STAFF-03
20240813004,2,Bun Cha,STAFF-03
20240813005,1,Rendang,STAFF-10
20240813005,2,Rendang,STAFF-10
20240813006,1,Rinderrouladen,STAFF-04
20240813006,2,Rinderrouladen,STAFF-04
20240813006,3,Rinderrouladen,STAFF-04
20240813007,1,Rendang,STAFF-05
20240813007,2,Rendang,STAFF-05
20240813008,1,Palak Paneer,STAFF-06
20240813009,1,Rinderrouladen,STAFF-07
20240813010,1,Rendang,STAFF-08
20240813010,2,Rendang,STAFF-08
20240813010,3,Sauerbraten,STAFF-09
20240813011,1,Palak Paneer,STAFF-11
20240813011,2,Palak Paneer,STAFF-11
20240813011,3,Palak Paneer,STAFF-11
20240813011,4,Palak Paneer,STAFF-11
20240813012,1,Bun Cha,STAFF-12
20240813012,2,Bun Cha,STAFF-12
20240813012,3,Bun Cha,STAFF-12
20240814001,1,Rendang,STAFF-10
20240814002,1,Palak Paneer,STAFF-03
20240814002,2,Palak Paneer,STAFF-03
20240814003,1,Bun Cha,STAFF-05
20240814003,2,Bun Cha,STAFF-05
20240814003,3,Bun Cha,STAFF-05
20240814004,1,Thunder Tea Rice,STAFF-02
20240814005,1,Gudeg,STAFF-01
20240814006,1,Gudeg,STAFF-04
20240814006,2,Gudeg,STAFF-04
20240814007,1,Rendang,STAFF-06
20240814008,1,Gudeg,STAFF-07
20240814008,2,Gudeg,STAFF-07
20240814009,1,Bun Cha,STAFF-08
20240814010,1,Rinderrouladen,STAFF-09
20240814011,1,Bun Cha,STAFF-11
20240814011,2,Rendang,STAFF-10
20240814011,3,Rendang,STAFF-10
20240814012,1,Rendang,STAFF-12
20240814012,2,Rendang,STAFF-12
20240814012,3,Rendang,STAFF-12
20240815001,1,Bun Cha,STAFF-03
20240815001,2,Bun Cha,STAFF-03
20240815001,3,Bun Cha,STAFF-03
20240815001,4,Palak Paneer,STAFF-06
20240815002,1,Ayam Balado,STAFF-01
20240815002,2,Rendang,STAFF-04
20240815002,3,Rendang,STAFF-04
20240815003,1,Rendang,STAFF-05
20240815004,1,Rendang,STAFF-07
20240815005,1,Gudeg,STAFF-08
20240815005,2,Thunder Tea Rice,STAFF-02
20240815006,1,Rinderrouladen,STAFF-09
20240815006,2,Rinderrouladen,STAFF-09
20240815006,3,Rinderrouladen,STAFF-09
20240815007,1,Ayam Balado,STAFF-10
20240815007,2,Ayam Balado,STAFF-10
20240815007,3,Ayam Balado,STAFF-10
20240815007,4,Rinderrouladen,STAFF-11
20240815008,1,Gudeg,STAFF-01
20240815008,2,Rinderrouladen,STAFF-12
20240815009,1,Palak Paneer,STAFF-03
20240815010,1,Rinderrouladen,STAFF-04
20240815010,2,Rinderrouladen,STAFF-04
20240815010,3,Thunder Tea Rice,STAFF-02
20240816001,1,Rendang,STAFF-05
20240816001,2,Rendang,STAFF-05
20240816002,1,Gudeg,STAFF-06
20240816002,2,Gudeg,STAFF-06
20240816002,3,Gudeg,STAFF-06
20240816003,1,Rinderrouladen,STAFF-07
20240816003,2,Rinderrouladen,STAFF-07
20240816003,3,Rinderrouladen,STAFF-07
20240816004,1,Thunder Tea Rice,STAFF-08
20240816004,2,Thunder Tea Rice,STAFF-11
20240816004,3,Thunder Tea Rice,STAFF-11
20240816004,4,Thunder Tea Rice,STAFF-11
20240817001,1,Rinderrouladen,STAFF-09
20240817001,2,Rinderrouladen,STAFF-09
20240817001,3,Rinderrouladen,STAFF-09
20240817002,1,Palak Paneer,STAFF-12
20240817002,2,Palak Paneer,STAFF-12
20240817002,3,Palak Paneer,STAFF-12
20240817003,1,Rinderrouladen,STAFF-01
20240817004,1,Bun Cha,STAFF-03
20240817004,2,Bun Cha,STAFF-03
20240817004,3,Bun Cha,STAFF-03
20240817004,4,Bun Cha,STAFF-05
20240817004,5,Bun Cha,STAFF-05
20240817005,1,Rinderrouladen,STAFF-02
20240817006,1,Bun Cha,STAFF-06
20240817006,2,Bun Cha,STAFF-06
20240817007,1,Rendang,STAFF-10
20240817008,1,Palak Paneer,STAFF-08
20240817009,1,Rinderrouladen,STAFF-04
20240817010,1,Rendang,STAFF-07
20240817010,2,Rendang,STAFF-07
20240818001,1,Palak Paneer,STAFF-11
20240818002,1,Palak Paneer,STAFF-12
20240818003,1,Bun Cha,STAFF-03
20240818003,2,Bun Cha,STAFF-03
20240818003,3,Bun Cha,STAFF-03
20240818004,1,Rinderrouladen,STAFF-09
20240818004,2,Rinderrouladen,STAFF-09
20240818005,1,Palak Paneer,STAFF-06
20240818006,1,Rinderrouladen,STAFF-01
20240818007,1,Gudeg,STAFF-05
20240818007,2,Gudeg,STAFF-10
20240818007,3,Rinderrouladen,STAFF-02
20240818007,4,Rinderrouladen,STAFF-02
20240818007,5,Rinderrouladen,STAFF-04
20240818007,6,Rinderrouladen,STAFF-04
20240819001,1,Rinderrouladen,STAFF-07
20240819001,2,Rinderrouladen,STAFF-07
20240819001,3,Rinderrouladen,STAFF-09
20240819001,4,Rinderrouladen,STAFF-09
20240819001,5,Rinderrouladen,STAFF-09
20240819002,1,Rendang,STAFF-08
20240819002,2,Rendang,STAFF-08
20240819002,3,Rendang,STAFF-08
20240819002,4,Rendang,STAFF-08
20240819003,1,Sauerbraten,STAFF-11
20240820001,1,Bun Cha,STAFF-12
20240820002,1,Rendang,STAFF-10
20240820002,2,Rendang,STAFF-10
20240820002,3,Rendang,STAFF-10
20240820002,4,Rendang,STAFF-10
20240820003,1,Bun Cha,STAFF-03
20240820003,2,Bun Cha,STAFF-03
20240820003,3,Thunder Tea Rice,STAFF-02
20240820003,4,Thunder Tea Rice,STAFF-02
20240820004,1,Rinderrouladen,STAFF-01
20240820004,2,Rinderrouladen,STAFF-01
20240820005,1,Gudeg,STAFF-04
20240820005,2,Gudeg,STAFF-04
20240820006,1,Gudeg,STAFF-05
20240820006,2,Gudeg,STAFF-06
20240820007,1,Rendang,STAFF-07
20240820007,2,Rendang,STAFF-07
20240820008,1,Rendang,STAFF-08
20240820009,1,Rendang,STAFF-09
20240820009,2,Rendang,STAFF-09
20240820009,3,Rendang,STAFF-09
20240820009,4,Rendang,STAFF-09
20240820009,5,Rendang,STAFF-10
20240820009,6,Rendang,STAFF-10
20240820009,7,Rendang,STAFF-11
20240820009,8,Rendang,STAFF-11
20240820009,9,Rendang,STAFF-11
20240821001,1,Rinderrouladen,STAFF-12
20240821002,1,Bun Cha,STAFF-03
20240821003,1,Gudeg,STAFF-01
20240821004,1,Rinderrouladen,STAFF-02
20240821004,2,Rinderrouladen,STAFF-02
20240821005,1,Bun Cha,STAFF-05
20240821006,1,Rendang,STAFF-04
20240821006,2,Rendang,STAFF-04
20240821007,1,Rendang,STAFF-06
20240822001,1,Bun Cha,STAFF-07
20240822001,2,Bun Cha,STAFF-07
20240822002,1,Rinderrouladen,STAFF-09
20240822003,1,Rinderrouladen,STAFF-11
20240822004,1,Rendang,STAFF-08
20240822005,1,Rendang,STAFF-10
20240822006,1,Palak Paneer,STAFF-12
20240822006,2,Palak Paneer,STAFF-12
20240822006,3,Palak Paneer,STAFF-12
20240822007,1,Gudeg,STAFF-01
20240822007,2,Gudeg,STAFF-01
20240823001,1,Rendang,STAFF-03
20240823002,1,Bun Cha,STAFF-05
20240823003,1,Rendang,STAFF-04
20240823004,1,Gudeg,STAFF-06
20240823004,2,Gudeg,STAFF-06
20240823004,3,Gudeg,STAFF-07
20240823005,1,Rinderrouladen,STAFF-02
20240823006,1,Gudeg,STAFF-08
20240823006,2,Gudeg,STAFF-08
20240823006,3,Sauerbraten,STAFF-09
20240823007,1,Bun Cha,STAFF-11
20240823008,1,Ayam Balado,STAFF-10
20240823008,2,Ayam Balado,STAFF-10
20240823008,3,Ayam Balado,STAFF-10
20240823008,4,Ayam Balado,STAFF-10
20240823009,1,Gudeg,STAFF-12
20240823010,1,Gudeg,STAFF-01
20240823011,1,Rendang,STAFF-03
20240823011,2,Rendang,STAFF-03
20240824001,1,Bun Cha,STAFF-05
20240824001,2,Bun Cha,STAFF-06
20240824001,3,Bun Cha,STAFF-06
20240824001,4,Bun Cha,STAFF-06
20240824002,1,Bun Cha,STAFF-07
20240824003,1,Gudeg,STAFF-04
20240824003,2,Gudeg,STAFF-04
20240824003,3,Gudeg,STAFF-04
20240824003,4,Thunder Tea Rice,STAFF-02
20240824003,5,Thunder Tea Rice,STAFF-02
20240824003,6,Thunder Tea Rice,STAFF-08
20240824003,7,Thunder Tea Rice,STAFF-08
20240824003,8,Thunder Tea Rice,STAFF-08
20240825001,1,Bun Cha,STAFF-11
20240825001,2,Bun Cha,STAFF-11
20240825002,1,Gudeg,STAFF-09
20240825002,2,Gudeg,STAFF-10
20240825003,1,Palak Paneer,STAFF-12
20240825004,1,Palak Paneer,STAFF-03
20240825005,1,Rendang,STAFF-01
20240826001,1,Bun Cha,STAFF-05
20240826001,2,Bun Cha,STAFF-05
20240826001,3,Bun Cha,STAFF-05
20240826002,1,Gudeg,STAFF-04
20240826002,2,Gudeg,STAFF-06
20240826003,1,Rinderrouladen,STAFF-02
20240826003,2,Rinderrouladen,STAFF-02
20240826004,1,Rendang,STAFF-07
20240826005,1,Palak Paneer,STAFF-08
20240826005,2,Palak Paneer,STAFF-08
20240826006,1,Gudeg,STAFF-09
20240826006,2,Gudeg,STAFF-09
20240826006,3,Gudeg,STAFF-09
20240826006,4,Gudeg,STAFF-09
20240826006,5,Gudeg,STAFF-10
20240826007,1,Rendang,STAFF-12
20240826007,2,Rinderrouladen,STAFF-11
20240826007,3,Rinderrouladen,STAFF-11
20240826008,1,Rinderrouladen,STAFF-01
20240826008,2,Rinderrouladen,STAFF-01
20240827001,1,Rendang,STAFF-03
20240827001,2,Rendang,STAFF-03
20240827001,3,Rendang,STAFF-03
20240827001,4,Rendang,STAFF-03
20240828001,1,Palak Paneer,STAFF-06
20240828001,2,Palak Paneer,STAFF-06
20240828001,3,Rinderrouladen,STAFF-02
20240828001,4,Rinderrouladen,STAFF-02
20240828001,5,Rinderrouladen,STAFF-02
20240828001,6,Rinderrouladen,STAFF-02
20240828002,1,Gudeg,STAFF-04
20240828003,1,Rinderrouladen,STAFF-05
20240828003,2,Rinderrouladen,STAFF-05
20240828003,3,Rinderrouladen,STAFF-05
20240829001,1,Gudeg,STAFF-07
20240830001,1,Rendang,STAFF-08
20240830001,2,Rinderrouladen,STAFF-09
20240830001,3,Rinderrouladen,STAFF-11
20240830001,4,Rinderrouladen,STAFF-11
20240830001,5,Rinderrouladen,STAFF-11
20240831001,1,Bun Cha,STAFF-12
20240831002,1,Rinderrouladen,STAFF-01
20240831002,2,Rinderrouladen,STAFF-01
20240831003,1,Thunder Tea Rice,STAFF-02
20240831003,2,Thunder Tea Rice,STAFF-02
20240831003,3,Thunder Tea Rice,STAFF-02
20240831004,1,Rinderrouladen,STAFF-04
20240831005,1,Bun Cha,STAFF-03
20240831005,2,Bun Cha,STAFF-03
20240831005,3,Bun Cha,STAFF-03
20240831005,4,Bun Cha,STAFF-03
20240831005,5,Bun Cha,STAFF-05
20240831005,6,Bun Cha,STAFF-05
20240831005,7,Bun Cha,STAFF-05
20240901001,1,Bun Cha,STAFF-06
20240901001,2,Bun Cha,STAFF-06
20240901002,1,Palak Paneer,STAFF-08
20240901003,1,Gudeg,STAFF-10
20240901003,2,Rinderrouladen,STAFF-07
20240901004,1,Rinderrouladen,STAFF-09
20240901004,2,Rinderrouladen,STAFF-09
20240901004,3,Rinderrouladen,STAFF-09
20240901005,1,Rendang,STAFF-10
20240901006,1,Rinderrouladen,STAFF-11
20240901006,2,Rinderrouladen,STAFF-11
20240901006,3,Rinderrouladen,STAFF-11
20240901006,4,Rinderrouladen,STAFF-11
20240901007,1,Rendang,STAFF-12
20240901007,2,Rendang,STAFF-12
20240901007,3,Rendang,STAFF-12
20240901008,1,Rendang,STAFF-01
20240901008,2,Rendang,STAFF-01
20240901008,3,Rendang,STAFF-01
20240901009,1,Rendang,STAFF-03
20240902001,1,Rendang,STAFF-04
20240902002,1,Rinderrouladen,STAFF-02
20240902002,2,Rinderrouladen,STAFF-02
20240902002,3,Rinderrouladen,STAFF-02
20240902003,1,Rendang,STAFF-05
20240902004,1,Rinderrouladen,STAFF-06
20240902004,2,Rinderrouladen,STAFF-06
20240902005,1,Palak Paneer,STAFF-08
20240902006,1,Sauerbraten,STAFF-07
20240902007,1,Gudeg,STAFF-09
20240902007,2,Gudeg,STAFF-09
20240902007,3,Gudeg,STAFF-10
20240902007,4,Gudeg,STAFF-10
20240902007,5,Gudeg,STAFF-10
20240903001,1,Sauerbraten,STAFF-11
20240903002,1,Palak Paneer,STAFF-12
20240903002,2,Palak Paneer,STAFF-12
20240903003,1,Rendang,STAFF-01
20240903003,2,Rendang,STAFF-01
20240903004,1,Palak Paneer,STAFF-03
20240903004,2,Rinderrouladen,STAFF-02
20240903004,3,Rinderrouladen,STAFF-02
20240903005,1,Sauerbraten,STAFF-04
20240903005,2,Sauerbraten,STAFF-04
20240903005,3,Sauerbraten,STAFF-05
20240903006,1,Rinderrouladen,STAFF-06
20240903006,2,Rinderrouladen,STAFF-06
20240903007,1,Rinderrouladen,STAFF-07
20240903008,1,Rendang,STAFF-08
20240903009,1,Sauerbraten,STAFF-09
20240903009,2,Sauerbraten,STAFF-09
20240903010,1,Bun Cha,STAFF-11
20240903011,1,Rinderrouladen,STAFF-01
20240903011,2,Rinderrouladen,STAFF-02
20240903011,3,Rinderrouladen,STAFF-02
20240903011,4,Rinderrouladen,STAFF-02
20240903011,5,Rinderrouladen,STAFF-12
20240903012,1,Rendang,STAFF-10
20240903012,2,Rinderrouladen,STAFF-04
20240903012,3,Rinderrouladen,STAFF-04
20240903012,4,Rinderrouladen,STAFF-04
20240904001,1,Rinderrouladen,STAFF-05
20240904002,1,Rendang,STAFF-03
20240904002,2,Rendang,STAFF-03
20240904003,1,Gudeg,STAFF-06
20240904004,1,Rinderrouladen,STAFF-07
20240904005,1,Rendang,STAFF-08
20240904006,1,Rendang,STAFF-09
20240904006,2,Rendang,STAFF-09
20240904006,3,Rendang,STAFF-09
20240904006,4,Rinderrouladen,STAFF-11
20240904007,1,Palak Paneer,STAFF-12
20240904007,2,Palak Paneer,STAFF-12
20240904007,3,Palak Paneer,STAFF-12
20240904007,4,Palak Paneer,STAFF-12
20240904008,1,Rinderrouladen,STAFF-01
20240904009,1,Rendang,STAFF-10
20240904009,2,Rendang,STAFF-10
20240905001,1,Rinderrouladen,STAFF-02
20240905002,1,Rinderrouladen,STAFF-04
20240905002,2,Rinderrouladen,STAFF-04
20240905002,3,Rinderrouladen,STAFF-04
20240905003,1,Gudeg,STAFF-03
20240905004,1,Rendang,STAFF-05
20240905005,1,Rendang,STAFF-06
20240905006,1,Gudeg,STAFF-07
20240905006,2,Gudeg,STAFF-07
20240905007,1,Rinderrouladen,STAFF-09
20240905008,1,Palak Paneer,STAFF-08
20240905008,2,Palak Paneer,STAFF-08
20240905008,3,Palak Paneer,STAFF-08
20240905008,4,Palak Paneer,STAFF-11
20240905009,1,Palak Paneer,STAFF-12
20240905009,2,Palak Paneer,STAFF-12
20240905009,3,Palak Paneer,STAFF-12
20240905010,1,Gudeg,STAFF-10
20240905010,2,Gudeg,STAFF-10
20240905010,3,Palak Paneer,STAFF-03
20240905010,4,Palak Paneer,STAFF-03
20240905010,5,Palak Paneer,STAFF-03
20240905011,1,Rinderrouladen,STAFF-01
20240905011,2,Rinderrouladen,STAFF-02
20240905011,3,Rinderrouladen,STAFF-02
20240906001,1,Palak Paneer,STAFF-06
20240906001,2,Palak Paneer,STAFF-06
20240906001,3,Palak Paneer,STAFF-06
20240906001,4,Palak Paneer,STAFF-06
20240906002,1,Rendang,STAFF-04
20240906003,1,Gudeg,STAFF-05
20240906004,1,Rendang,STAFF-08
20240906004,2,Rendang,STAFF-08
20240906004,3,Thunder Tea Rice,STAFF-07
20240906004,4,Thunder Tea Rice,STAFF-07
20240906004,5,Thunder Tea Rice,STAFF-07
20240906005,1,Ayam Balado,STAFF-09
20240906005,2,Ayam Balado,STAFF-09
20240906005,3,Ayam Balado,STAFF-09
20240906006,1,Thunder Tea Rice,STAFF-11
20240906006,2,Thunder Tea Rice,STAFF-11
20240906006,3,Thunder Tea Rice,STAFF-11
20240906007,1,Thunder Tea Rice,STAFF-12
20240906007,2,Thunder Tea Rice,STAFF-12
20240906007,3,Thunder Tea Rice,STAFF-12
20240906008,1,Rendang,STAFF-10
20240906008,2,Rendang,STAFF-10
20240906008,3,Rendang,STAFF-10
20240906009,1,Rendang,STAFF-01
20240907001,1,Rendang,STAFF-03
20240907002,1,Bun Cha,STAFF-05
20240907002,2,Bun Cha,STAFF-05
20240907002,3,Bun Cha,STAFF-06
20240907002,4,Bun Cha,STAFF-06
20240907003,1,Bun Cha,STAFF-07
20240907004,1,Rinderrouladen,STAFF-02
20240907004,2,Rinderrouladen,STAFF-04
20240907004,3,Rinderrouladen,STAFF-04
20240907004,4,Rinderrouladen,STAFF-04
20240907005,1,Bun Cha,STAFF-08
20240907005,2,Bun Cha,STAFF-08
20240907006,1,Gudeg,STAFF-09
20240907006,2,Gudeg,STAFF-09
20240907007,1,Thunder Tea Rice,STAFF-11
20240907007,2,Thunder Tea Rice,STAFF-11
20240907007,3,Thunder Tea Rice,STAFF-12
20240907007,4,Thunder Tea Rice,STAFF-12
20240907008,1,Rendang,STAFF-10
20240907009,1,Rinderrouladen,STAFF-01
20240907009,2,Rinderrouladen,STAFF-01
20240907009,3,Rinderrouladen,STAFF-01
20240907010,1,Gudeg,STAFF-03
20240907010,2,Thunder Tea Rice,STAFF-02
20240907011,1,Rendang,STAFF-04
20240907012,1,Gudeg,STAFF-05
20240907012,2,Thunder Tea Rice,STAFF-06
20240907013,1,Rendang,STAFF-08
20240907013,2,Rendang,STAFF-09
20240907013,3,Sauerbraten,STAFF-07
20240907014,1,Rendang,STAFF-10
20240907014,2,Rendang,STAFF-11
20240908001,1,Bun Cha,STAFF-12
20240908002,1,Bun Cha,STAFF-03
20240908002,2,Bun Cha,STAFF-03
20240908002,3,Bun Cha,STAFF-05
20240908002,4,Bun Cha,STAFF-06
20240908003,1,Bun Cha,STAFF-07
20240908003,2,Bun Cha,STAFF-07
20240908003,3,Bun Cha,STAFF-07
20240908004,1,Gudeg,STAFF-01
20240908004,2,Gudeg,STAFF-01
20240909001,1,Rendang,STAFF-04
20240909001,2,Rendang,STAFF-04
20240909002,1,Palak Paneer,STAFF-08
20240909002,2,Palak Paneer,STAFF-08
20240909003,1,Rinderrouladen,STAFF-02
20240909003,2,Rinderrouladen,STAFF-02
20240909003,3,Rinderrouladen,STAFF-02
20240909004,1,Rendang,STAFF-09
20240909004,2,Rendang,STAFF-09
20240909005,1,Ayam Balado,STAFF-11
20240909005,2,Ayam Balado,STAFF-11
20240909005,3,Ayam Balado,STAFF-11
20240909005,4,Rendang,STAFF-10
20240909005,5,Rendang,STAFF-10
20240909006,1,Rendang,STAFF-12
20240909006,2,Rendang,STAFF-12
20240909006,3,Rendang,STAFF-12
20240909006,4,Rendang,STAFF-12
20240909007,1,Rinderrouladen,STAFF-01
20240909007,2,Rinderrouladen,STAFF-01
20240909007,3,Rinderrouladen,STAFF-01
20240909008,1,Rinderrouladen,STAFF-02
20240909009,1,Rendang,STAFF-03
20240909009,2,Rendang,STAFF-03
20240909010,1,Thunder Tea Rice,STAFF-06
20240909010,2,Thunder Tea Rice,STAFF-06
20240909011,1,Gudeg,STAFF-05
20240909011,2,Gudeg,STAFF-05
20240909011,3,Gudeg,STAFF-05
20240909011,4,Rendang,STAFF-04
20240909012,1,Rendang,STAFF-07
20240909012,2,Rendang,STAFF-07
20240909013,1,Rendang,STAFF-08
20240909013,2,Rendang,STAFF-08
20240909013,3,Rendang,STAFF-08
20240909014,1,Palak Paneer,STAFF-11
20240909015,1,Rendang,STAFF-09
20240909015,2,Rendang,STAFF-09
20240910001,1,Ayam Balado,STAFF-10
20240910002,1,Palak Paneer,STAFF-12
20240910002,2,Palak Paneer,STAFF-12
20240910002,3,Palak Paneer,STAFF-12
20240910003,1,Bun Cha,STAFF-03
20240910003,2,Bun Cha,STAFF-05
20240910004,1,Palak Paneer,STAFF-06
20240910004,2,Palak Paneer,STAFF-06
20240910005,1,Rinderrouladen,STAFF-01
20240910006,1,Rendang,STAFF-04
20240910006,2,Rendang,STAFF-04
20240910006,3,Rendang,STAFF-04
20240910006,4,Rendang,STAFF-07
20240910007,1,Gudeg,STAFF-08
20240910007,2,Rinderrouladen,STAFF-02
20240910007,3,Rinderrouladen,STAFF-02
20240910007,4,Rinderrouladen,STAFF-02
20240910007,5,Rinderrouladen,STAFF-02
20240911001,1,Rendang,STAFF-09
20240911001,2,Rendang,STAFF-09
20240911001,3,Rendang,STAFF-09
20240911002,1,Rinderrouladen,STAFF-11
20240911002,2,Rinderrouladen,STAFF-11
20240911002,3,Rinderrouladen,STAFF-11
20240911003,1,Rendang,STAFF-10
20240911003,2,Rendang,STAFF-10
20240911003,3,Rendang,STAFF-10
20240911004,1,Palak Paneer,STAFF-12
20240911005,1,Rendang,STAFF-03
20240911005,2,Rendang,STAFF-03
20240911005,3,Rendang,STAFF-03
20240911005,4,Rendang,STAFF-04
20240911005,5,Rendang,STAFF-04
20240911005,6,Rendang,STAFF-04
20240911005,7,Rendang,STAFF-04
20240911005,8,Rinderrouladen,STAFF-01
20240911006,1,Bun Cha,STAFF-05
20240912001,1,Rinderrouladen,STAFF-06
20240912001,2,Thunder Tea Rice,STAFF-02
20240912001,3,Thunder Tea Rice,STAFF-02
20240912002,1,Rinderrouladen,STAFF-07
20240912002,2,Rinderrouladen,STAFF-07
20240912003,1,Palak Paneer,STAFF-08
20240912004,1,Bun Cha,STAFF-11
20240912004,2,Bun Cha,STAFF-12
20240912005,1,Bun Cha,STAFF-03
20240912005,2,Bun Cha,STAFF-05
20240912006,1,Rendang,STAFF-09
20240912006,2,Rendang,STAFF-09
20240912006,3,Rendang,STAFF-09
20240912007,1,Gudeg,STAFF-10
20240912007,2,Palak Paneer,STAFF-06
20240912008,1,Bun Cha,STAFF-07
20240913001,1,Rendang,STAFF-01
20240913002,1,Rendang,STAFF-04
20240913003,1,Rendang,STAFF-08
20240913003,2,Rendang,STAFF-08
20240913003,3,Rendang,STAFF-08
20240913004,1,Rendang,STAFF-09
20240913005,1,Rinderrouladen,STAFF-02
20240913006,1,Rinderrouladen,STAFF-11
20240914001,1,Palak Paneer,STAFF-03
20240914001,2,Palak Paneer,STAFF-12
20240914001,3,Palak Paneer,STAFF-12
20240915001,1,Thunder Tea Rice,STAFF-02
20240915001,2,Thunder Tea Rice,STAFF-02
20240915002,1,Rinderrouladen,STAFF-01
20240915003,1,Gudeg,STAFF-10
20240915003,2,Gudeg,STAFF-10
20240915003,3,Gudeg,STAFF-10
20240915004,1,Bun Cha,STAFF-05
20240915004,2,Bun Cha,STAFF-05
20240915004,3,Bun Cha,STAFF-05
20240915004,4,Bun Cha,STAFF-06
20240915005,1,Palak Paneer,STAFF-08
20240916001,1,Rendang,STAFF-04
20240916002,1,Rinderrouladen,STAFF-07
20240916002,2,Rinderrouladen,STAFF-07
20240916003,1,Rendang,STAFF-09
20240916004,1,Rinderrouladen,STAFF-11
20240916004,2,Rinderrouladen,STAFF-11
20240916004,3,Rinderrouladen,STAFF-11
20240916004,4,Rinderrouladen,STAFF-11
20240916005,1,Rendang,STAFF-10
20240916005,2,Rendang,STAFF-10
20240916006,1,Rendang,STAFF-12
20240916006,2,Rendang,STAFF-12
20240916006,3,Rendang,STAFF-12
20240916007,1,Rendang,STAFF-01
20240916008,1,Rendang,STAFF-03
20240916008,2,Rendang,STAFF-03
20240916008,3,Rendang,STAFF-03
20240916008,4,Rendang,STAFF-03
20240916008,5,Rinderrouladen,STAFF-02
20240916009,1,Rinderrouladen,STAFF-04
20240916010,1,Rinderrouladen,STAFF-05
20240917001,1,Bun Cha,STAFF-06
20240917002,1,Rendang,STAFF-07
20240917003,1,Rinderrouladen,STAFF-09
20240917004,1,Bun Cha,STAFF-08
20240917005,1,Palak Paneer,STAFF-11
20240917005,2,Palak Paneer,STAFF-11
20240917005,3,Rinderrouladen,STAFF-12
20240917006,1,Rinderrouladen,STAFF-01
20240917006,2,Rinderrouladen,STAFF-01
20240917006,3,Rinderrouladen,STAFF-01
20240917007,1,Rinderrouladen,STAFF-04
20240917007,2,Thunder Tea Rice,STAFF-02
20240917007,3,Thunder Tea Rice,STAFF-02
20240917008,1,Rendang,STAFF-10
20240917008,2,Rendang,STAFF-10
20240917009,1,Rinderrouladen,STAFF-05
20240917009,2,Rinderrouladen,STAFF-05
20240917009,3,Rinderrouladen,STAFF-05
20240917010,1,Bun Cha,STAFF-03
20240917011,1,Palak Paneer,STAFF-06
20240917012,1,Rendang,STAFF-07
20240917012,2,Rendang,STAFF-07
20240917012,3,Rendang,STAFF-07
20240917013,1,Ayam Balado,STAFF-08
20240917014,1,Rinderrouladen,STAFF-09
20240917015,1,Rinderrouladen,STAFF-11
20240917016,1,Rendang,STAFF-10
20240917016,2,Rendang,STAFF-10
20240917016,3,Rinderrouladen,STAFF-01
20240917016,4,Rinderrouladen,STAFF-01
20240917016,5,Rinderrouladen,STAFF-12
20240917017,1,Rinderrouladen,STAFF-02
20240917018,1,Ayam Balado,STAFF-03
20240917018,2,Ayam Balado,STAFF-04
20240918001,1,Rendang,STAFF-05
20240918001,2,Rendang,STAFF-05
20240918002,1,Rendang,STAFF-06
20240918003,1,Rinderrouladen,STAFF-07
20240918003,2,Rinderrouladen,STAFF-09
20240919001,1,Rinderrouladen,STAFF-11
20240919002,1,Bun Cha,STAFF-08
20240919003,1,Rendang,STAFF-10
20240919003,2,Rendang,STAFF-10
20240919004,1,Gudeg,STAFF-12
20240919004,2,Gudeg,STAFF-12
20240919004,3,Rinderrouladen,STAFF-01
20240919005,1,Bun Cha,STAFF-03
20240919005,2,Bun Cha,STAFF-03
20240920001,1,Rinderrouladen,STAFF-02
20240920001,2,Rinderrouladen,STAFF-02
20240920002,1,Rinderrouladen,STAFF-04
20240920002,2,Rinderrouladen,STAFF-04
20240920003,1,Rinderrouladen,STAFF-05
20240920004,1,Rendang,STAFF-06
20240920004,2,Rendang,STAFF-06
20240920005,1,Gudeg,STAFF-07
20240920005,2,Gudeg,STAFF-07
20240920006,1,Rinderrouladen,STAFF-09
20240920006,2,Rinderrouladen,STAFF-09
20240920006,3,Rinderrouladen,STAFF-09
20240920006,4,Rinderrouladen,STAFF-11
20240920006,5,Rinderrouladen,STAFF-11
20240920006,6,Rinderrouladen,STAFF-11
20240921001,1,Rendang,STAFF-08
20240921001,2,Sauerbraten,STAFF-12
20240921002,1,Bun Cha,STAFF-03
20240921002,2,Bun Cha,STAFF-03
20240921002,3,Bun Cha,STAFF-03
20240921002,4,Bun Cha,STAFF-05
20240921002,5,Bun Cha,STAFF-05
20240921003,1,Palak Paneer,STAFF-06
20240921003,2,Palak Paneer,STAFF-06
20240921004,1,Rendang,STAFF-10
20240921005,1,Rendang,STAFF-01
20240921005,2,Rendang,STAFF-04
20240921006,1,Gudeg,STAFF-07
20240921006,2,Gudeg,STAFF-08
20240921006,3,Gudeg,STAFF-08
20240921007,1,Rendang,STAFF-09
20240921007,2,Rendang,STAFF-09
20240921007,3,Rendang,STAFF-10
20240921007,4,Rendang,STAFF-10
20240921008,1,Gudeg,STAFF-11
20240921008,2,Gudeg,STAFF-12
20240921008,3,Gudeg,STAFF-12
20240921008,4,Gudeg,STAFF-12
20240921008,5,Rinderrouladen,STAFF-02
20240921008,6,Rinderrouladen,STAFF-02
20240921008,7,Rinderrouladen,STAFF-02
20240922001,1,Gudeg,STAFF-01
20240922001,2,Gudeg,STAFF-01
20240922001,3,Gudeg,STAFF-01
20240922002,1,Rendang,STAFF-03
20240922002,2,Rinderrouladen,STAFF-02
20240922003,1,Bun Cha,STAFF-05
20240922003,2,Bun Cha,STAFF-05
20240922003,3,Bun Cha,STAFF-06
20240922004,1,Rinderrouladen,STAFF-04
20240922004,2,Rinderrouladen,STAFF-04
20240922004,3,Rinderrouladen,STAFF-04
20240922005,1,Gudeg,STAFF-07
20240922005,2,Gudeg,STAFF-07
20240922005,3,Gudeg,STAFF-07
20240922005,4,Gudeg,STAFF-07
20240922006,1,Rinderrouladen,STAFF-09
20240922006,2,Rinderrouladen,STAFF-09
20240922007,1,Rinderrouladen,STAFF-11
20240922007,2,Rinderrouladen,STAFF-12
20240922007,3,Rinderrouladen,STAFF-12
20240922007,4,Rinderrouladen,STAFF-12
20240922008,1,Rinderrouladen,STAFF-01
20240922009,1,Rendang,STAFF-08
20240922009,2,Rendang,STAFF-08
20240922009,3,Rinderrouladen,STAFF-02
20240922009,4,Rinderrouladen,STAFF-02
20240922010,1,Sauerbraten,STAFF-04
20240922010,2,Sauerbraten,STAFF-04
20240922010,3,Sauerbraten,STAFF-04
20240922011,1,Palak Paneer,STAFF-03
20240922011,2,Rendang,STAFF-10
20240922011,3,Rendang,STAFF-10
20240922011,4,Rendang,STAFF-10
20240922012,1,Rinderrouladen,STAFF-05
20240922012,2,Rinderrouladen,STAFF-06
20240922012,3,Rinderrouladen,STAFF-06
20240922013,1,Rinderrouladen,STAFF-07
20240922013,2,Rinderrouladen,STAFF-07
20240922013,3,Rinderrouladen,STAFF-07
20240922013,4,Rinderrouladen,STAFF-07
20240922013,5,Rinderrouladen,STAFF-09
20240922014,1,Ayam Balado,STAFF-08
20240922014,2,Ayam Balado,STAFF-08
20240922014,3,Ayam Balado,STAFF-08
20240922014,4,Ayam Balado,STAFF-10
20240922014,5,Ayam Balado,STAFF-10
20240922014,6,Ayam Balado,STAFF-10
20240922015,1,Gudeg,STAFF-11
20240922015,2,Rinderrouladen,STAFF-12
20240923001,1,Rinderrouladen,STAFF-01
20240923002,1,Bun Cha,STAFF-03
20240923002,2,Bun Cha,STAFF-03
20240923002,3,Bun Cha,STAFF-03
20240923003,1,Gudeg,STAFF-04
20240923003,2,Gudeg,STAFF-04
20240923003,3,Gudeg,STAFF-04
20240923004,1,Rinderrouladen,STAFF-02
20240923005,1,Palak Paneer,STAFF-06
20240923006,1,Gudeg,STAFF-05
20240923007,1,Rendang,STAFF-07
20240923008,1,Palak Paneer,STAFF-08
20240923008,2,Palak Paneer,STAFF-08
20240923009,1,Rinderrouladen,STAFF-09
20240923009,2,Rinderrouladen,STAFF-11
20240924001,1,Rinderrouladen,STAFF-12
20240924002,1,Rendang,STAFF-01
20240924002,2,Rendang,STAFF-01
20240924002,3,Rendang,STAFF-10
20240924003,1,Rendang,STAFF-03
20240924003,2,Rendang,STAFF-03
20240924003,3,Rendang,STAFF-04
20240924004,1,Rendang,STAFF-05
20240924005,1,Bun Cha,STAFF-06
20240924005,2,Bun Cha,STAFF-06
20240924005,3,Bun Cha,STAFF-06
20240924006,1,Palak Paneer,STAFF-08
20240924006,2,Palak Paneer,STAFF-08
20240924006,3,Palak Paneer,STAFF-08
20240924007,1,Rendang,STAFF-07
20240924008,1,Gudeg,STAFF-09
20240924008,2,Gudeg,STAFF-10
20240924008,3,Gudeg,STAFF-10
20240924008,4,Gudeg,STAFF-10
20240924009,1,Ayam Balado,STAFF-11
20240924009,2,Ayam Balado,STAFF-11
20240924009,3,Ayam Balado,STAFF-11
20240924009,4,Ayam Balado,STAFF-11
20240924010,1,Rendang,STAFF-12
20240924011,1,Rinderrouladen,STAFF-01
20240924011,2,Rinderrouladen,STAFF-01
20240924011,3,Rinderrouladen,STAFF-02
20240925001,1,Palak Paneer,STAFF-03
20240925002,1,Bun Cha,STAFF-05
20240925002,2,Bun Cha,STAFF-05
20240925003,1,Rendang,STAFF-04
20240925003,2,Rendang,STAFF-04
20240925003,3,Rinderrouladen,STAFF-02
20240925004,1,Rinderrouladen,STAFF-06
20240925004,2,Rinderrouladen,STAFF-06
20240925004,3,Rinderrouladen,STAFF-07
20240925004,4,Rinderrouladen,STAFF-07
20240925004,5,Rinderrouladen,STAFF-07
20240925005,1,Rinderrouladen,STAFF-09
20240925005,2,Rinderrouladen,STAFF-11
20240925005,3,Rinderrouladen,STAFF-11
20240925006,1,Gudeg,STAFF-08
20240925007,1,Rinderrouladen,STAFF-12
20240926001,1,Rendang,STAFF-10
20240926001,2,Rendang,STAFF-10
20240926002,1,Rinderrouladen,STAFF-01
20240926002,2,Rinderrouladen,STAFF-01
20240926002,3,Rinderrouladen,STAFF-01
20240926003,1,Thunder Tea Rice,STAFF-02
20240926003,2,Thunder Tea Rice,STAFF-02
20240926004,1,Palak Paneer,STAFF-03
20240926005,1,Rendang,STAFF-04
20240926005,2,Rendang,STAFF-04
20240926005,3,Rendang,STAFF-04
20240926005,4,Rendang,STAFF-04
20240926006,1,Rendang,STAFF-05
20240926007,1,Bun Cha,STAFF-07
20240926007,2,Bun Cha,STAFF-07
20240926007,3,Rendang,STAFF-06
20240926008,1,Rinderrouladen,STAFF-09
20240926008,2,Rinderrouladen,STAFF-09
20240927001,1,Rinderrouladen,STAFF-11
20240927002,1,Bun Cha,STAFF-08
20240927002,2,Bun Cha,STAFF-08
20240927002,3,Bun Cha,STAFF-08
20240927003,1,Palak Paneer,STAFF-12
20240927003,2,Palak Paneer,STAFF-12
20240927003,3,Palak Paneer,STAFF-12
20240927004,1,Rinderrouladen,STAFF-01
20240927004,2,Rinderrouladen,STAFF-02
20240927004,3,Rinderrouladen,STAFF-02
20240927005,1,Palak Paneer,STAFF-03
20240927006,1,Gudeg,STAFF-10
20240927006,2,Gudeg,STAFF-10
20240927006,3,Palak Paneer,STAFF-06
20240927006,4,Palak Paneer,STAFF-06
20240927007,1,Rinderrouladen,STAFF-04
20240927008,1,Rendang,STAFF-05
20240927008,2,Rendang,STAFF-05
20240927008,3,Rendang,STAFF-07
20240927008,4,Rendang,STAFF-07
20240927008,5,Rendang,STAFF-07
20240927009,1,Palak Paneer,STAFF-08
20240927010,1,Palak Paneer,STAFF-11
20240927010,2,Palak Paneer,STAFF-11
20240927011,1,Palak Paneer,STAFF-03
20240927011,2,Palak Paneer,STAFF-12
20240927012,1,Rinderrouladen,STAFF-09
20240927012,2,Rinderrouladen,STAFF-09
20240927012,3,Rinderrouladen,STAFF-09
20240928001,1,Rinderrouladen,STAFF-01
20240928002,1,Rinderrouladen,STAFF-02
20240928002,2,Rinderrouladen,STAFF-02
20240928002,3,Rinderrouladen,STAFF-02
20240928003,1,Rendang,STAFF-10
20240928003,2,Rendang,STAFF-10
20240928003,3,Rendang,STAFF-10
20240928004,1,Rendang,STAFF-04
20240928005,1,Rinderrouladen,STAFF-05
20240928005,2,Rinderrouladen,STAFF-05
20240928006,1,Rendang,STAFF-06
20240928006,2,Rendang,STAFF-06
20240928006,3,Rendang,STAFF-06
20240928007,1,Rendang,STAFF-07
20240928008,1,Ayam Balado,STAFF-10
20240928008,2,Bun Cha,STAFF-11
20240928008,3,Palak Paneer,STAFF-08
20240928008,4,Palak Paneer,STAFF-08
20240928008,5,Sauerbraten,STAFF-09
20240928008,6,Sauerbraten,STAFF-09
20240928008,7,Sauerbraten,STAFF-09
20240929001,1,Gudeg,STAFF-12
20240929001,2,Gudeg,STAFF-12
20240929001,3,Gudeg,STAFF-12
20240929001,4,Gudeg,STAFF-12
20240929002,1,Palak Paneer,STAFF-03
20240929002,2,Palak Paneer,STAFF-06
20240929002,3,Palak Paneer,STAFF-06
20240929002,4,Palak Paneer,STAFF-06
20240929002,5,Palak Paneer,STAFF-08
20240929002,6,Palak Paneer,STAFF-08
20240929002,7,Palak Paneer,STAFF-08
20240929003,1,Rinderrouladen,STAFF-01
20240929004,1,Rendang,STAFF-04
20240929005,1,Bun Cha,STAFF-05
20240929006,1,Rendang,STAFF-07
20240929007,1,Rendang,STAFF-09
20240929007,2,Rendang,STAFF-09
20240929008,1,Palak Paneer,STAFF-11
20240929008,2,Palak Paneer,STAFF-11
20240929009,1,Rendang,STAFF-10
20240930001,1,Bun Cha,STAFF-12
20240930001,2,Bun Cha,STAFF-12
20240930001,3,Bun Cha,STAFF-12
20240930001,4,Bun Cha,STAFF-12
20240930002,1,Bun Cha,STAFF-03
20240930002,2,Bun Cha,STAFF-03
20240930003,1,Ayam Balado,STAFF-01
20240930003,2,Ayam Balado,STAFF-01
20240930003,3,Ayam Balado,STAFF-01
20240930004,1,Rinderrouladen,STAFF-02
20240930004,2,Rinderrouladen,STAFF-02
20240930005,1,Bun Cha,STAFF-05
20240930006,1,Rinderrouladen,STAFF-02
20240930007,1,Rinderrouladen,STAFF-04
20240930008,1,Rendang,STAFF-06
20240930008,2,Rendang,STAFF-06
20240930008,3,Rendang,STAFF-06
20240930009,1,Bun Cha,STAFF-08
20240930009,2,Rinderrouladen,STAFF-07
20240930010,1,Rendang,STAFF-09
20240930011,1,Rinderrouladen,STAFF-11
20240930011,2,Rinderrouladen,STAFF-11
20240930011,3,Rinderrouladen,STAFF-11
20240930012,1,Rinderrouladen,STAFF-12
20240930013,1,Rinderrouladen,STAFF-01
20241001001,1,Rendang,STAFF-10
20241001001,2,Rendang,STAFF-10
20241001001,3,Rendang,STAFF-10
20241001002,1,Rinderrouladen,STAFF-02
20241001003,1,Rinderrouladen,STAFF-04
20241001003,2,Rinderrouladen,STAFF-04
20241001003,3,Rinderrouladen,STAFF-05
20241001003,4,Rinderrouladen,STAFF-05
20241001003,5,Rinderrouladen,STAFF-05
20241001004,1,Rinderrouladen,STAFF-06
20241001005,1,Rinderrouladen,STAFF-07
20241001005,2,Rinderrouladen,STAFF-09
20241001005,3,Rinderrouladen,STAFF-09
20241001006,1,Gudeg,STAFF-03
20241001006,2,Rinderrouladen,STAFF-11
20241001006,3,Rinderrouladen,STAFF-11
20241001007,1,Ayam Balado,STAFF-08
20241001007,2,Ayam Balado,STAFF-08
20241001008,1,Gudeg,STAFF-10
20241001008,2,Gudeg,STAFF-10
20241001008,3,Gudeg,STAFF-10
20241001009,1,Rendang,STAFF-12
20241001010,1,Ayam Balado,STAFF-03
20241001010,2,Rendang,STAFF-01
20241001011,1,Ayam Balado,STAFF-04
20241001011,2,Ayam Balado,STAFF-04
20241002001,1,Rendang,STAFF-05
20241002002,1,Bun Cha,STAFF-06
20241002003,1,Rinderrouladen,STAFF-02
20241002003,2,Rinderrouladen,STAFF-02
20241002003,3,Rinderrouladen,STAFF-02
20241002004,1,Rendang,STAFF-07
20241002005,1,Rinderrouladen,STAFF-09
20241002005,2,Rinderrouladen,STAFF-09
20241002005,3,Rinderrouladen,STAFF-09
20241002006,1,Palak Paneer,STAFF-08
20241002007,1,Palak Paneer,STAFF-11
20241002007,2,Palak Paneer,STAFF-11
20241002007,3,Palak Paneer,STAFF-11
20241002008,1,Ayam Balado,STAFF-10
20241002008,2,Ayam Balado,STAFF-10
20241002008,3,Ayam Balado,STAFF-10
20241002009,1,Ayam Balado,STAFF-01
20241002009,2,Ayam Balado,STAFF-03
20241002009,3,Ayam Balado,STAFF-03
20241002009,4,Ayam Balado,STAFF-03
20241002009,5,Ayam Balado,STAFF-03
20241002009,6,Ayam Balado,STAFF-12
20241003001,1,Sauerbraten,STAFF-02
20241003001,2,Sauerbraten,STAFF-02
20241003001,3,Sauerbraten,STAFF-02
20241003002,1,Rinderrouladen,STAFF-04
20241003003,1,Ayam Balado,STAFF-06
20241003003,2,Bun Cha,STAFF-05
20241003003,3,Bun Cha,STAFF-05
20241003004,1,Ayam Balado,STAFF-07
20241003004,2,Ayam Balado,STAFF-08
20241003005,1,Palak Paneer,STAFF-11
20241003006,1,Ayam Balado,STAFF-09
20241004001,1,Gudeg,STAFF-10
20241004001,2,Gudeg,STAFF-10
20241004001,3,Gudeg,STAFF-10
20241004001,4,Gudeg,STAFF-12
20241004001,5,Gudeg,STAFF-12
20241004002,1,Rinderrouladen,STAFF-01
20241004002,2,Rinderrouladen,STAFF-01
20241004003,1,Gudeg,STAFF-03
20241004003,2,Gudeg,STAFF-03
20241004003,3,Gudeg,STAFF-03
20241004003,4,Gudeg,STAFF-03
20241004004,1,Bun Cha,STAFF-05
20241004004,2,Bun Cha,STAFF-05
20241004004,3,Bun Cha,STAFF-06
20241004004,4,Bun Cha,STAFF-06
20241004005,1,Rendang,STAFF-04
20241004006,1,Ayam Balado,STAFF-07
20241004006,2,Sauerbraten,STAFF-02
20241004006,3,Sauerbraten,STAFF-02
20241005001,1,Bun Cha,STAFF-08
20241005001,2,Bun Cha,STAFF-08
20241005001,3,Bun Cha,STAFF-11
20241005001,4,Bun Cha,STAFF-11
20241005001,5,Bun Cha,STAFF-11
20241005001,6,Bun Cha,STAFF-11
20241005002,1,Sauerbraten,STAFF-09
20241005002,2,Sauerbraten,STAFF-09
20241005003,1,Palak Paneer,STAFF-12
20241005004,1,Gudeg,STAFF-01
20241005004,2,Gudeg,STAFF-10
20241006001,1,Bun Cha,STAFF-03
20241006002,1,Bun Cha,STAFF-05
20241006002,2,Palak Paneer,STAFF-06
20241006003,1,Rendang,STAFF-04
20241006004,1,Palak Paneer,STAFF-08
20241006004,2,Rendang,STAFF-07
20241006004,3,Rendang,STAFF-07
20241006004,4,Rendang,STAFF-07
20241006004,5,Rinderrouladen,STAFF-02
20241006004,6,Rinderrouladen,STAFF-02
20241006005,1,Gudeg,STAFF-09
20241006005,2,Palak Paneer,STAFF-11
20241006005,3,Palak Paneer,STAFF-11
20241006005,4,Palak Paneer,STAFF-11
20241006006,1,Palak Paneer,STAFF-03
20241006006,2,Rendang,STAFF-10
20241006006,3,Rendang,STAFF-10
20241006006,4,Rinderrouladen,STAFF-12
20241006007,1,Palak Paneer,STAFF-06
20241006007,2,Palak Paneer,STAFF-06
20241006007,3,Palak Paneer,STAFF-06
20241006008,1,Thunder Tea Rice,STAFF-02
20241006008,2,Thunder Tea Rice,STAFF-02
20241006009,1,Rinderrouladen,STAFF-01
20241006009,2,Rinderrouladen,STAFF-01
20241006009,3,Rinderrouladen,STAFF-01
20241006010,1,Ayam Balado,STAFF-04
20241006010,2,Ayam Balado,STAFF-04
20241006010,3,Ayam Balado,STAFF-04
20241006011,1,Ayam Balado,STAFF-08
20241006011,2,Ayam Balado,STAFF-05
20241006011,3,Ayam Balado,STAFF-05
20241006011,4,Ayam Balado,STAFF-07
20241006012,1,Rendang,STAFF-09
20241007001,1,Rendang,STAFF-10
20241007002,1,Rendang,STAFF-11
20241007002,2,Rinderrouladen,STAFF-12
20241007002,3,Rinderrouladen,STAFF-12
20241007002,4,Rinderrouladen,STAFF-12
20241007002,5,Rinderrouladen,STAFF-12
20241007003,1,Sauerbraten,STAFF-01
20241007003,2,Sauerbraten,STAFF-01
20241007004,1,Rendang,STAFF-03
20241007005,1,Rinderrouladen,STAFF-02
20241007006,1,Gudeg,STAFF-04
20241007006,2,Gudeg,STAFF-04
20241007006,3,Gudeg,STAFF-04
20241007006,4,Gudeg,STAFF-05
20241007006,5,Gudeg,STAFF-05
20241007006,6,Gudeg,STAFF-05
20241007007,1,Rendang,STAFF-06
20241007008,1,Ayam Balado,STAFF-07
20241007008,2,Ayam Balado,STAFF-08
20241007009,1,Rendang,STAFF-09
20241007009,2,Rendang,STAFF-09
20241008001,1,Rendang,STAFF-10
20241008001,2,Rendang,STAFF-10
20241008002,1,Rinderrouladen,STAFF-11
20241008002,2,Rinderrouladen,STAFF-11
20241008003,1,Gudeg,STAFF-12
20241008003,2,Gudeg,STAFF-12
20241008004,1,Rendang,STAFF-01
20241008004,2,Rendang,STAFF-01
20241008005,1,Rendang,STAFF-03
20241008005,2,Rendang,STAFF-03
20241008005,3,Rendang,STAFF-03
20241008005,4,Rendang,STAFF-03
20241008006,1,Gudeg,STAFF-04
20241008006,2,Gudeg,STAFF-04
20241008006,3,Gudeg,STAFF-05
20241008006,4,Gudeg,STAFF-05
20241008006,5,Gudeg,STAFF-05
20241008007,1,Rendang,STAFF-06
20241008007,2,Rendang,STAFF-06
20241008007,3,Rendang,STAFF-07
20241008007,4,Rendang,STAFF-07
20241008007,5,Rendang,STAFF-07
20241008008,1,Rendang,STAFF-08
20241008009,1,Rendang,STAFF-09
20241008010,1,Gudeg,STAFF-10
20241008011,1,Rinderrouladen,STAFF-02
20241008011,2,Rinderrouladen,STAFF-02
20241008011,3,Rinderrouladen,STAFF-02
20241008012,1,Ayam Balado,STAFF-11
20241008012,2,Ayam Balado,STAFF-11
20241008012,3,Palak Paneer,STAFF-12
20241008012,4,Palak Paneer,STAFF-12
20241008013,1,Rendang,STAFF-01
20241008013,2,Rendang,STAFF-01
20241008014,1,Rinderrouladen,STAFF-02
20241008014,2,Rinderrouladen,STAFF-04
20241009001,1,Rendang,STAFF-03
20241009001,2,Rendang,STAFF-03
20241009001,3,Rendang,STAFF-03
20241009002,1,Rinderrouladen,STAFF-05
20241009002,2,Rinderrouladen,STAFF-05
20241009002,3,Rinderrouladen,STAFF-05
20241009002,4,Rinderrouladen,STAFF-05
20241009003,1,Rinderrouladen,STAFF-06
20241009004,1,Rendang,STAFF-07
20241009004,2,Rendang,STAFF-07
20241009004,3,Rendang,STAFF-07
20241009005,1,Thunder Tea Rice,STAFF-08
20241009005,2,Thunder Tea Rice,STAFF-08
20241009006,1,Gudeg,STAFF-09
20241009007,1,Rendang,STAFF-10
20241009007,2,Rendang,STAFF-10
20241009007,3,Rendang,STAFF-10
20241009008,1,Rinderrouladen,STAFF-11
20241009009,1,Gudeg,STAFF-01
20241009009,2,Palak Paneer,STAFF-12
20241009010,1,Thunder Tea Rice,STAFF-02
20241009011,1,Palak Paneer,STAFF-03
20241010001,1,Gudeg,STAFF-04
20241010002,1,Rinderrouladen,STAFF-05
20241010002,2,Rinderrouladen,STAFF-05
20241010003,1,Ayam Balado,STAFF-06
20241010004,1,Rendang,STAFF-07
20241010004,2,Rendang,STAFF-07
20241010005,1,Bun Cha,STAFF-08
20241010005,2,Bun Cha,STAFF-11
20241010006,1,Rendang,STAFF-09
20241010007,1,Rendang,STAFF-10
20241010008,1,Palak Paneer,STAFF-12
20241010009,1,Rendang,STAFF-01
20241010009,2,Rendang,STAFF-01
20241010010,1,Gudeg,STAFF-03
20241010011,1,Rendang,STAFF-04
20241010011,2,Rendang,STAFF-04
20241010011,3,Rendang,STAFF-04
20241010011,4,Rinderrouladen,STAFF-02
20241010011,5,Rinderrouladen,STAFF-02
20241010012,1,Ayam Balado,STAFF-05
20241010012,2,Ayam Balado,STAFF-06
20241011001,1,Rinderrouladen,STAFF-07
20241011001,2,Rinderrouladen,STAFF-07
20241011001,3,Rinderrouladen,STAFF-07
20241011001,4,Rinderrouladen,STAFF-07
20241011002,1,Rendang,STAFF-08
20241011003,1,Bun Cha,STAFF-11
20241011003,2,Bun Cha,STAFF-11
20241011003,3,Bun Cha,STAFF-11
20241011004,1,Rendang,STAFF-09
20241011004,2,Rendang,STAFF-09
20241011004,3,Sauerbraten,STAFF-12
20241011005,1,Sauerbraten,STAFF-01
20241011006,1,Rinderrouladen,STAFF-02
20241011007,1,Ayam Balado,STAFF-10
20241011008,1,Rinderrouladen,STAFF-04
20241011009,1,Bun Cha,STAFF-03
20241011010,1,Gudeg,STAFF-05
20241011010,2,Gudeg,STAFF-05
20241011010,3,Gudeg,STAFF-05
20241011010,4,Gudeg,STAFF-06
20241011011,1,Rinderrouladen,STAFF-07
20241011011,2,Rinderrouladen,STAFF-07
20241011012,1,Rendang,STAFF-08
20241011013,1,Gudeg,STAFF-09
20241011013,2,Gudeg,STAFF-10
20241011014,1,Gudeg,STAFF-12
20241011014,2,Sauerbraten,STAFF-11
20241011014,3,Sauerbraten,STAFF-11
20241011014,4,Sauerbraten,STAFF-11
20241011015,1,Palak Paneer,STAFF-03
20241011015,2,Palak Paneer,STAFF-03
20241011015,3,Palak Paneer,STAFF-03
20241011016,1,Ayam Balado,STAFF-04
20241011016,2,Ayam Balado,STAFF-04
20241011016,3,Rendang,STAFF-01
20241011017,1,Ayam Balado,STAFF-05
20241011017,2,Ayam Balado,STAFF-05
20241011017,3,Ayam Balado,STAFF-05
20241011018,1,Rendang,STAFF-06
20241011018,2,Rendang,STAFF-06
20241011019,1,Rinderrouladen,STAFF-02
20241011019,2,Rinderrouladen,STAFF-02
20241011020,1,Ayam Balado,STAFF-07
20241011020,2,Ayam Balado,STAFF-08
20241011020,3,Ayam Balado,STAFF-08
20241011020,4,Ayam Balado,STAFF-08
20241012001,1,Bun Cha,STAFF-11
20241012001,2,Bun Cha,STAFF-11
20241012001,3,Bun Cha,STAFF-11
20241012001,4,Bun Cha,STAFF-11
20241012002,1,Bun Cha,STAFF-03
20241012002,2,Bun Cha,STAFF-03
20241012002,3,Bun Cha,STAFF-12
20241012002,4,Bun Cha,STAFF-12
20241012003,1,Rendang,STAFF-09
20241012003,2,Rendang,STAFF-09
20241012004,1,Rinderrouladen,STAFF-01
20241012004,2,Rinderrouladen,STAFF-01
20241012004,3,Rinderrouladen,STAFF-01
20241012005,1,Palak Paneer,STAFF-06
20241012005,2,Palak Paneer,STAFF-06
20241012005,3,Palak Paneer,STAFF-06
20241012005,4,Palak Paneer,STAFF-06
20241012006,1,Rendang,STAFF-10
20241012006,2,Rendang,STAFF-10
20241012006,3,Rendang,STAFF-10
20241013001,1,Bun Cha,STAFF-05
20241013002,1,Rinderrouladen,STAFF-02
20241013003,1,Bun Cha,STAFF-07
20241013003,2,Bun Cha,STAFF-11
20241013003,3,Bun Cha,STAFF-11
20241013003,4,Bun Cha,STAFF-11
20241013003,5,Thunder Tea Rice,STAFF-08
20241013004,1,Rendang,STAFF-04
20241013004,2,Rendang,STAFF-04
20241013004,3,Rendang,STAFF-04
20241013004,4,Rendang,STAFF-09
20241013005,1,Palak Paneer,STAFF-12
20241013006,1,Palak Paneer,STAFF-03
20241013006,2,Palak Paneer,STAFF-03
20241013006,3,Palak Paneer,STAFF-03
20241014001,1,Rinderrouladen,STAFF-01
20241014002,1,Sauerbraten,STAFF-02
20241014002,2,Sauerbraten,STAFF-02
20241014002,3,Sauerbraten,STAFF-02
20241014003,1,Bun Cha,STAFF-05
20241014004,1,Rendang,STAFF-04
20241014004,2,Rendang,STAFF-04
20241014004,3,Rendang,STAFF-04
20241014004,4,Rendang,STAFF-10
20241014004,5,Rendang,STAFF-10
20241014004,6,Rendang,STAFF-10
20241014005,1,Palak Paneer,STAFF-06
20241014005,2,Palak Paneer,STAFF-06
20241014006,1,Gudeg,STAFF-07
20241014006,2,Gudeg,STAFF-07
20241014006,3,Gudeg,STAFF-08
20241014007,1,Rendang,STAFF-09
20241014008,1,Rendang,STAFF-10
20241014009,1,Gudeg,STAFF-11
20241014010,1,Palak Paneer,STAFF-03
20241014010,2,Rendang,STAFF-12
20241014011,1,Rendang,STAFF-01
20241014011,2,Rendang,STAFF-01
20241014012,1,Rendang,STAFF-04
20241014012,2,Rendang,STAFF-04
20241014012,3,Rendang,STAFF-04
20241014013,1,Rendang,STAFF-05
20241014013,2,Rendang,STAFF-05
20241014013,3,Rendang,STAFF-05
20241015001,1,Bun Cha,STAFF-06
20241015002,1,Thunder Tea Rice,STAFF-02
20241015003,1,Ayam Balado,STAFF-07
20241015004,1,Ayam Balado,STAFF-09
20241015004,2,Ayam Balado,STAFF-09
20241015004,3,Rendang,STAFF-08
20241015005,1,Rendang,STAFF-10
20241015006,1,Rinderrouladen,STAFF-11
20241015007,1,Rendang,STAFF-12
20241015008,1,Gudeg,STAFF-01
20241015008,2,Thunder Tea Rice,STAFF-02
20241015008,3,Thunder Tea Rice,STAFF-02
20241015009,1,Ayam Balado,STAFF-03
20241015009,2,Ayam Balado,STAFF-03
20241015010,1,Gudeg,STAFF-04
20241015010,2,Gudeg,STAFF-04
20241015010,3,Sauerbraten,STAFF-05
20241015010,4,Sauerbraten,STAFF-05
20241015010,5,Sauerbraten,STAFF-05
20241015011,1,Rendang,STAFF-06
20241015011,2,Rendang,STAFF-07
20241015012,1,Ayam Balado,STAFF-08
20241015012,2,Ayam Balado,STAFF-08
20241015012,3,Ayam Balado,STAFF-09
20241015012,4,Ayam Balado,STAFF-09
20241015012,5,Ayam Balado,STAFF-09
20241015013,1,Rendang,STAFF-10
20241016001,1,Rinderrouladen,STAFF-11
20241016001,2,Rinderrouladen,STAFF-11
20241016001,3,Rinderrouladen,STAFF-11
20241016002,1,Ayam Balado,STAFF-12
20241016003,1,Rendang,STAFF-01
20241016004,1,Rinderrouladen,STAFF-02
20241016004,2,Rinderrouladen,STAFF-04
20241016004,3,Rinderrouladen,STAFF-04
20241016004,4,Rinderrouladen,STAFF-04
20241016005,1,Rinderrouladen,STAFF-05
20241016005,2,Rinderrouladen,STAFF-05
20241016005,3,Rinderrouladen,STAFF-05
20241016005,4,Rinderrouladen,STAFF-05
20241016006,1,Gudeg,STAFF-03
20241016007,1,Rinderrouladen,STAFF-06
20241016008,1,Gudeg,STAFF-07
20241016008,2,Gudeg,STAFF-07
20241016009,1,Rendang,STAFF-08
20241016009,2,Rendang,STAFF-08
20241016009,3,Rendang,STAFF-08
20241016010,1,Rinderrouladen,STAFF-09
20241016011,1,Rinderrouladen,STAFF-11
20241016011,2,Rinderrouladen,STAFF-11
20241016011,3,Rinderrouladen,STAFF-12
20241016012,1,Ayam Balado,STAFF-10
20241016012,2,Ayam Balado,STAFF-10
20241017001,1,Rendang,STAFF-01
20241017001,2,Rendang,STAFF-01
20241017001,3,Rendang,STAFF-01
20241017002,1,Rendang,STAFF-03
20241017003,1,Rinderrouladen,STAFF-02
20241017003,2,Rinderrouladen,STAFF-02
20241017004,1,Rendang,STAFF-04
20241017005,1,Ayam Balado,STAFF-05
20241017005,2,Ayam Balado,STAFF-05
20241017006,1,Rinderrouladen,STAFF-06
20241017006,2,Rinderrouladen,STAFF-06
20241017007,1,Rendang,STAFF-07
20241017008,1,Gudeg,STAFF-08
20241017009,1,Ayam Balado,STAFF-09
20241017009,2,Ayam Balado,STAFF-09
20241017009,3,Ayam Balado,STAFF-10
20241017009,4,Rendang,STAFF-11
20241017009,5,Rendang,STAFF-11
20241017009,6,Rendang,STAFF-11
20241017010,1,Ayam Balado,STAFF-01
20241017010,2,Ayam Balado,STAFF-01
20241017010,3,Ayam Balado,STAFF-12
20241017010,4,Ayam Balado,STAFF-12
20241017011,1,Ayam Balado,STAFF-04
20241017011,2,Palak Paneer,STAFF-03
20241017012,1,Rendang,STAFF-05
20241017012,2,Rendang,STAFF-05
20241017012,3,Rendang,STAFF-05
20241017013,1,Rinderrouladen,STAFF-02
20241017014,1,Ayam Balado,STAFF-09
20241017014,2,Ayam Balado,STAFF-09
20241017014,3,Rendang,STAFF-06
20241017014,4,Rendang,STAFF-07
20241017014,5,Rendang,STAFF-08
20241017014,6,Rendang,STAFF-08
20241017014,7,Rendang,STAFF-08
20241018001,1,Sauerbraten,STAFF-11
20241018002,1,Sauerbraten,STAFF-12
20241018002,2,Sauerbraten,STAFF-12
20241018002,3,Sauerbraten,STAFF-12
20241018003,1,Sauerbraten,STAFF-01
20241018003,2,Sauerbraten,STAFF-01
20241018003,3,Sauerbraten,STAFF-01
20241018003,4,Sauerbraten,STAFF-02
20241018004,1,Palak Paneer,STAFF-03
20241018004,2,Palak Paneer,STAFF-03
20241018004,3,Palak Paneer,STAFF-03
20241018004,4,Palak Paneer,STAFF-06
20241018005,1,Palak Paneer,STAFF-08
20241018005,2,Rendang,STAFF-10
20241018005,3,Rendang,STAFF-10
20241018006,1,Gudeg,STAFF-04
20241018006,2,Gudeg,STAFF-04
20241018006,3,Gudeg,STAFF-04
20241018007,1,Rendang,STAFF-05
20241018007,2,Rendang,STAFF-05
20241018008,1,Ayam Balado,STAFF-07
20241018009,1,Sauerbraten,STAFF-09
20241018009,2,Sauerbraten,STAFF-11
20241018009,3,Sauerbraten,STAFF-11
20241018009,4,Sauerbraten,STAFF-11
20241018010,1,Rinderrouladen,STAFF-12
20241018011,1,Rendang,STAFF-10
20241019001,1,Rinderrouladen,STAFF-01
20241019002,1,Rendang,STAFF-03
20241019002,2,Rendang,STAFF-03
20241019002,3,Rendang,STAFF-03
20241019002,4,Rendang,STAFF-03
20241019003,1,Palak Paneer,STAFF-06
20241019004,1,Ayam Balado,STAFF-04
20241019004,2,Rendang,STAFF-05
20241019005,1,Rendang,STAFF-07
20241019006,1,Rendang,STAFF-08
20241019006,2,Rendang,STAFF-08
20241019006,3,Rendang,STAFF-08
20241019007,1,Sauerbraten,STAFF-02
20241019008,1,Palak Paneer,STAFF-11
20241019008,2,Palak Paneer,STAFF-11
20241020001,1,Rendang,STAFF-09
20241020001,2,Rendang,STAFF-09
20241020001,3,Rendang,STAFF-09
20241020001,4,Sauerbraten,STAFF-12
20241020002,1,Rendang,STAFF-10
20241020002,2,Rendang,STAFF-10
20241020003,1,Ayam Balado,STAFF-01
20241020003,2,Ayam Balado,STAFF-01
20241020003,3,Ayam Balado,STAFF-01
20241020003,4,Bun Cha,STAFF-03
20241020004,1,Rinderrouladen,STAFF-02
20241020004,2,Rinderrouladen,STAFF-02
20241020005,1,Rendang,STAFF-04
20241020005,2,Rendang,STAFF-05
20241020005,3,Rendang,STAFF-05
20241020006,1,Rendang,STAFF-06
20241020006,2,Rendang,STAFF-06
20241020007,1,Sauerbraten,STAFF-07
20241020007,2,Sauerbraten,STAFF-09
20241020008,1,Ayam Balado,STAFF-08
20241020009,1,Bun Cha,STAFF-11
20241020010,1,Sauerbraten,STAFF-12
20241020010,2,Sauerbraten,STAFF-12
20241020010,3,Sauerbraten,STAFF-12
20241020011,1,Rendang,STAFF-10
20241020012,1,Palak Paneer,STAFF-03
20241020012,2,Palak Paneer,STAFF-03
20241021001,1,Rendang,STAFF-01
20241021001,2,Rendang,STAFF-01
20241021001,3,Rendang,STAFF-01
20241021002,1,Rendang,STAFF-04
20241021002,2,Rendang,STAFF-04
20241021002,3,Rendang,STAFF-04
20241021002,4,Rendang,STAFF-04
20241021003,1,Rinderrouladen,STAFF-02
20241021003,2,Rinderrouladen,STAFF-02
20241021004,1,Rendang,STAFF-05
20241021004,2,Rendang,STAFF-05
20241021004,3,Rendang,STAFF-05
20241021005,1,Gudeg,STAFF-06
20241021006,1,Bun Cha,STAFF-07
20241021006,2,Bun Cha,STAFF-07
20241021006,3,Bun Cha,STAFF-07
20241021006,4,Bun Cha,STAFF-08
20241021007,1,Thunder Tea Rice,STAFF-11
20241021007,2,Thunder Tea Rice,STAFF-11
20241021007,3,Thunder Tea Rice,STAFF-11
20241021007,4,Thunder Tea Rice,STAFF-11
20241021008,1,Palak Paneer,STAFF-12
20241021009,1,Rendang,STAFF-09
20241021009,2,Rendang,STAFF-09
20241021010,1,Rendang,STAFF-10
20241021011,1,Rinderrouladen,STAFF-01
20241021011,2,Rinderrouladen,STAFF-01
20241021011,3,Rinderrouladen,STAFF-01
20241021012,1,Bun Cha,STAFF-03
20241021013,1,Sauerbraten,STAFF-02
20241021013,2,Sauerbraten,STAFF-02
20241021014,1,Rendang,STAFF-04
20241021015,1,Ayam Balado,STAFF-05
20241021015,2,Ayam Balado,STAFF-05
20241021015,3,Ayam Balado,STAFF-05
20241021015,4,Ayam Balado,STAFF-05
20241021016,1,Rendang,STAFF-06
20241021016,2,Rendang,STAFF-06
20241021016,3,Rendang,STAFF-06
20241021017,1,Ayam Balado,STAFF-08
20241021017,2,Ayam Balado,STAFF-08
20241021017,3,Sauerbraten,STAFF-07
20241021017,4,Sauerbraten,STAFF-07
20241021017,5,Sauerbraten,STAFF-07
20241021017,6,Sauerbraten,STAFF-07
20241022001,1,Palak Paneer,STAFF-11
20241022001,2,Rendang,STAFF-09
20241022002,1,Rinderrouladen,STAFF-12
20241022003,1,Bun Cha,STAFF-03
20241022003,2,Bun Cha,STAFF-03
20241022003,3,Bun Cha,STAFF-03
20241022004,1,Bun Cha,STAFF-05
20241022004,2,Bun Cha,STAFF-05
20241022004,3,Bun Cha,STAFF-05
20241022004,4,Thunder Tea Rice,STAFF-02
20241022004,5,Thunder Tea Rice,STAFF-02
20241022004,6,Thunder Tea Rice,STAFF-02
20241022005,1,Gudeg,STAFF-10
20241022005,2,Gudeg,STAFF-10
20241022006,1,Ayam Balado,STAFF-01
20241022006,2,Ayam Balado,STAFF-01
20241022006,3,Rendang,STAFF-04
20241022006,4,Rendang,STAFF-04
20241023001,1,Rendang,STAFF-06
20241023001,2,Rendang,STAFF-06
20241023001,3,Rendang,STAFF-06
20241023002,1,Rinderrouladen,STAFF-07
20241023003,1,Bun Cha,STAFF-08
20241023003,2,Bun Cha,STAFF-08
20241023004,1,Rinderrouladen,STAFF-09
20241023004,2,Rinderrouladen,STAFF-09
20241023005,1,Rinderrouladen,STAFF-11
20241023005,2,Rinderrouladen,STAFF-11
20241023005,3,Rinderrouladen,STAFF-12
20241023006,1,Palak Paneer,STAFF-03
20241023007,1,Thunder Tea Rice,STAFF-02
20241023007,2,Thunder Tea Rice,STAFF-02
20241023007,3,Thunder Tea Rice,STAFF-02
20241023008,1,Palak Paneer,STAFF-06
20241023008,2,Palak Paneer,STAFF-06
20241023008,3,Palak Paneer,STAFF-06
20241023008,4,Sauerbraten,STAFF-01
20241023009,1,Rinderrouladen,STAFF-04
20241023009,2,Rinderrouladen,STAFF-04
20241023010,1,Ayam Balado,STAFF-10
20241023011,1,Rendang,STAFF-05
20241023011,2,Rendang,STAFF-05
20241023011,3,Rendang,STAFF-05
20241023011,4,Rendang,STAFF-05
20241024001,1,Gudeg,STAFF-07
20241024002,1,Palak Paneer,STAFF-08
20241024003,1,Palak Paneer,STAFF-11
20241024003,2,Palak Paneer,STAFF-11
20241024004,1,Ayam Balado,STAFF-09
20241024004,2,Rendang,STAFF-10
20241024004,3,Rendang,STAFF-10
20241024005,1,Rendang,STAFF-01
20241024005,2,Rendang,STAFF-01
20241024005,3,Rendang,STAFF-12
20241024005,4,Rendang,STAFF-12
20241024006,1,Gudeg,STAFF-03
20241024006,2,Gudeg,STAFF-03
20241024006,3,Gudeg,STAFF-04
20241024006,4,Gudeg,STAFF-04
20241024006,5,Gudeg,STAFF-04
20241024007,1,Rendang,STAFF-05
20241024007,2,Rendang,STAFF-05
20241024007,3,Rendang,STAFF-05
20241024008,1,Gudeg,STAFF-06
20241024009,1,Ayam Balado,STAFF-07
20241024009,2,Ayam Balado,STAFF-08
20241024009,3,Ayam Balado,STAFF-08
20241024010,1,Ayam Balado,STAFF-09
20241024010,2,Palak Paneer,STAFF-11
20241024010,3,Palak Paneer,STAFF-11
20241024010,4,Palak Paneer,STAFF-11
20241025001,1,Palak Paneer,STAFF-12
20241025001,2,Palak Paneer,STAFF-12
20241025001,3,Palak Paneer,STAFF-12
20241025002,1,Thunder Tea Rice,STAFF-02
20241025003,1,Rendang,STAFF-10
20241025003,2,Sauerbraten,STAFF-01
20241025003,3,Sauerbraten,STAFF-01
20241025003,4,Sauerbraten,STAFF-01
20241025004,1,Sauerbraten,STAFF-02
20241025005,1,Gudeg,STAFF-03
20241025005,2,Gudeg,STAFF-04
20241025005,3,Gudeg,STAFF-04
20241025005,4,Gudeg,STAFF-04
20241025006,1,Rinderrouladen,STAFF-05
20241025006,2,Rinderrouladen,STAFF-05
20241025007,1,Sauerbraten,STAFF-06
20241025007,2,Sauerbraten,STAFF-06
20241025007,3,Sauerbraten,STAFF-06
20241025007,4,Sauerbraten,STAFF-06
20241025007,5,Sauerbraten,STAFF-07
20241025007,6,Sauerbraten,STAFF-07
20241025008,1,Bun Cha,STAFF-08
20241025009,1,Rendang,STAFF-09
20241025009,2,Rendang,STAFF-09
20241025010,1,Palak Paneer,STAFF-11
20241025011,1,Ayam Balado,STAFF-10
20241025011,2,Thunder Tea Rice,STAFF-12
20241026001,1,Palak Paneer,STAFF-03
20241026002,1,Bun Cha,STAFF-05
20241026003,1,Palak Paneer,STAFF-06
20241026003,2,Palak Paneer,STAFF-06
20241026004,1,Gudeg,STAFF-01
20241026004,2,Gudeg,STAFF-01
20241026005,1,Sauerbraten,STAFF-02
20241026006,1,Rendang,STAFF-04
20241026006,2,Rendang,STAFF-04
20241026006,3,Rendang,STAFF-04
20241026007,1,Rendang,STAFF-07
20241026007,2,Rinderrouladen,STAFF-09
20241026008,1,Bun Cha,STAFF-08
20241026008,2,Bun Cha,STAFF-11
20241026009,1,Rendang,STAFF-10
20241026009,2,Rendang,STAFF-12
20241026010,1,Rinderrouladen,STAFF-01
20241026011,1,Rinderrouladen,STAFF-02
20241026012,1,Palak Paneer,STAFF-03
20241026012,2,Palak Paneer,STAFF-03
20241026013,1,Rinderrouladen,STAFF-04
20241027001,1,Rinderrouladen,STAFF-05
20241027002,1,Rendang,STAFF-06
20241027002,2,Rendang,STAFF-06
20241027002,3,Rendang,STAFF-06
20241027002,4,Rinderrouladen,STAFF-07
20241027003,1,Palak Paneer,STAFF-08
20241027004,1,Rendang,STAFF-09
20241028001,1,Palak Paneer,STAFF-11
20241028001,2,Palak Paneer,STAFF-11
20241028001,3,Palak Paneer,STAFF-11
20241028002,1,Gudeg,STAFF-10
20241028002,2,Gudeg,STAFF-10
20241028003,1,Rendang,STAFF-12
20241028003,2,Rendang,STAFF-12
20241028003,3,Rendang,STAFF-12
20241028004,1,Rinderrouladen,STAFF-01
20241028004,2,Rinderrouladen,STAFF-01
20241028004,3,Rinderrouladen,STAFF-01
20241028005,1,Rendang,STAFF-03
20241028005,2,Rendang,STAFF-03
20241028005,3,Rendang,STAFF-04
20241028005,4,Rendang,STAFF-04
20241028005,5,Rendang,STAFF-04
20241028006,1,Ayam Balado,STAFF-05
20241028006,2,Rinderrouladen,STAFF-02
20241028006,3,Rinderrouladen,STAFF-02
20241028007,1,Palak Paneer,STAFF-06
20241028008,1,Rinderrouladen,STAFF-07
20241028008,2,Rinderrouladen,STAFF-09
20241028009,1,Rinderrouladen,STAFF-11
20241028009,2,Rinderrouladen,STAFF-11
20241028010,1,Rendang,STAFF-08
20241028010,2,Rendang,STAFF-08
20241028010,3,Rendang,STAFF-08
20241028011,1,Sauerbraten,STAFF-01
20241028011,2,Sauerbraten,STAFF-01
20241028011,3,Sauerbraten,STAFF-01
20241028011,4,Sauerbraten,STAFF-12
20241028012,1,Palak Paneer,STAFF-03
20241028012,2,Palak Paneer,STAFF-03
20241028012,3,Palak Paneer,STAFF-03
20241028012,4,Palak Paneer,STAFF-03
20241028013,1,Rinderrouladen,STAFF-02
20241028014,1,Rinderrouladen,STAFF-04
20241028014,2,Rinderrouladen,STAFF-04
20241029001,1,Rendang,STAFF-10
20241029001,2,Rendang,STAFF-10
20241029002,1,Rendang,STAFF-05
20241029003,1,Rendang,STAFF-06
20241029004,1,Rinderrouladen,STAFF-07
20241029004,2,Rinderrouladen,STAFF-07
20241029005,1,Thunder Tea Rice,STAFF-08
20241029006,1,Bun Cha,STAFF-11
20241029006,2,Bun Cha,STAFF-12
20241029007,1,Palak Paneer,STAFF-03
20241029008,1,Ayam Balado,STAFF-09
20241029008,2,Ayam Balado,STAFF-09
20241029009,1,Sauerbraten,STAFF-01
20241029009,2,Sauerbraten,STAFF-01
20241029009,3,Sauerbraten,STAFF-01
20241029009,4,Sauerbraten,STAFF-01
20241029010,1,Sauerbraten,STAFF-02
20241029010,2,Sauerbraten,STAFF-02
20241029010,3,Sauerbraten,STAFF-02
20241029011,1,Rinderrouladen,STAFF-04
20241029011,2,Rinderrouladen,STAFF-04
20241029011,3,Rinderrouladen,STAFF-04
20241029011,4,Rinderrouladen,STAFF-04
20241029011,5,Rinderrouladen,STAFF-05
20241029012,1,Rinderrouladen,STAFF-06
20241029013,1,Palak Paneer,STAFF-08
20241029014,1,Ayam Balado,STAFF-10
20241029014,2,Ayam Balado,STAFF-10
20241029014,3,Ayam Balado,STAFF-10
20241029014,4,Rendang,STAFF-07
20241029014,5,Rendang,STAFF-07
20241029014,6,Rendang,STAFF-07
20241029015,1,Rendang,STAFF-09
20241030001,1,Rendang,STAFF-10
20241030002,1,Rinderrouladen,STAFF-11
20241030002,2,Rinderrouladen,STAFF-12
20241030003,1,Rendang,STAFF-01
20241030004,1,Rendang,STAFF-03
20241030004,2,Rendang,STAFF-04
20241030005,1,Gudeg,STAFF-06
20241030005,2,Gudeg,STAFF-06
20241030005,3,Gudeg,STAFF-06
20241030005,4,Rendang,STAFF-05
20241030006,1,Rinderrouladen,STAFF-02
20241030007,1,Gudeg,STAFF-07
20241030008,1,Rendang,STAFF-08
20241030008,2,Rendang,STAFF-09
20241030008,3,Rendang,STAFF-09
20241030009,1,Rinderrouladen,STAFF-11
20241030010,1,Ayam Balado,STAFF-10
20241030010,2,Ayam Balado,STAFF-10
20241030010,3,Ayam Balado,STAFF-10
20241030011,1,Rinderrouladen,STAFF-12
20241030012,1,Rinderrouladen,STAFF-01
20241030012,2,Rinderrouladen,STAFF-01
20241030012,3,Rinderrouladen,STAFF-01
20241031001,1,Rendang,STAFF-03
20241031002,1,Rendang,STAFF-04
20241031002,2,Rendang,STAFF-04
20241031002,3,Rendang,STAFF-04
20241031003,1,Rinderrouladen,STAFF-02
20241031003,2,Rinderrouladen,STAFF-02
20241031003,3,Rinderrouladen,STAFF-02
20241031004,1,Rendang,STAFF-05
20241031004,2,Rendang,STAFF-05
20241031005,1,Rinderrouladen,STAFF-06
20241031005,2,Rinderrouladen,STAFF-06
20241031005,3,Rinderrouladen,STAFF-06
20241101001,1,Sauerbraten,STAFF-07
20241101001,2,Sauerbraten,STAFF-07
20241101001,3,Sauerbraten,STAFF-07
20241101002,1,Gudeg,STAFF-08
20241101002,2,Gudeg,STAFF-08
20241101003,1,Rendang,STAFF-09
20241101003,2,Rendang,STAFF-09
20241101004,1,Sauerbraten,STAFF-11
20241101004,2,Sauerbraten,STAFF-12
20241101004,3,Sauerbraten,STAFF-12
20241101005,1,Bun Cha,STAFF-03
20241101006,1,Rinderrouladen,STAFF-01
20241102001,1,Bun Cha,STAFF-05
20241102001,2,Bun Cha,STAFF-05
20241102002,1,Sauerbraten,STAFF-02
20241102003,1,Rinderrouladen,STAFF-04
20241102003,2,Rinderrouladen,STAFF-04
20241102004,1,Rinderrouladen,STAFF-06
20241102004,2,Rinderrouladen,STAFF-06
20241102005,1,Ayam Balado,STAFF-10
20241102005,2,Rendang,STAFF-07
20241102005,3,Rendang,STAFF-07
20241102005,4,Rendang,STAFF-07
20241102005,5,Rendang,STAFF-07
20241102006,1,Rendang,STAFF-08
20241102007,1,Rinderrouladen,STAFF-09
20241102007,2,Rinderrouladen,STAFF-09
20241102008,1,Gudeg,STAFF-10
20241102008,2,Gudeg,STAFF-10
20241103001,1,Bun Cha,STAFF-11
20241103001,2,Bun Cha,STAFF-11
20241103001,3,Bun Cha,STAFF-11
20241103002,1,Rinderrouladen,STAFF-01
20241103002,2,Rinderrouladen,STAFF-01
20241103002,3,Rinderrouladen,STAFF-12
20241103002,4,Rinderrouladen,STAFF-12
20241103003,1,Rendang,STAFF-03
20241103003,2,Rinderrouladen,STAFF-02
20241103004,1,Sauerbraten,STAFF-04
20241103004,2,Sauerbraten,STAFF-04
20241103005,1,Gudeg,STAFF-05
20241103006,1,Rinderrouladen,STAFF-06
20241103006,2,Rinderrouladen,STAFF-06
20241103007,1,Ayam Balado,STAFF-07
20241103007,2,Ayam Balado,STAFF-07
20241103007,3,Ayam Balado,STAFF-08
20241103008,1,Gudeg,STAFF-09
20241103008,2,Gudeg,STAFF-09
20241103008,3,Gudeg,STAFF-09
20241103008,4,Gudeg,STAFF-10
20241103008,5,Gudeg,STAFF-10
20241103009,1,Sauerbraten,STAFF-11
20241103009,2,Sauerbraten,STAFF-11
20241104001,1,Rendang,STAFF-12
20241104002,1,Rendang,STAFF-01
20241104002,2,Rendang,STAFF-01
20241104002,3,Rendang,STAFF-01
20241104002,4,Rinderrouladen,STAFF-02
20241104003,1,Gudeg,STAFF-03
20241104004,1,Rinderrouladen,STAFF-04
20241104004,2,Rinderrouladen,STAFF-04
20241104005,1,Sauerbraten,STAFF-05
20241104005,2,Sauerbraten,STAFF-06
20241104005,3,Sauerbraten,STAFF-06
20241104005,4,Sauerbraten,STAFF-06
20241104005,5,Sauerbraten,STAFF-06
20241105001,1,Sauerbraten,STAFF-07
20241105001,2,Sauerbraten,STAFF-07
20241105001,3,Sauerbraten,STAFF-07
20241105001,4,Sauerbraten,STAFF-07
20241105002,1,Rinderrouladen,STAFF-09
20241105002,2,Rinderrouladen,STAFF-09
20241105003,1,Palak Paneer,STAFF-08
20241105003,2,Palak Paneer,STAFF-08
20241105003,3,Palak Paneer,STAFF-08
20241105003,4,Rinderrouladen,STAFF-11
20241105004,1,Rinderrouladen,STAFF-12
20241105004,2,Rinderrouladen,STAFF-12
20241105004,3,Rinderrouladen,STAFF-12
20241105005,1,Rendang,STAFF-10
20241105005,2,Sauerbraten,STAFF-01
20241105006,1,Rendang,STAFF-03
20241105006,2,Rendang,STAFF-03
20241105006,3,Rendang,STAFF-03
20241105007,1,Rendang,STAFF-04
20241105008,1,Palak Paneer,STAFF-06
20241105008,2,Palak Paneer,STAFF-06
20241105008,3,Palak Paneer,STAFF-06
20241105008,4,Palak Paneer,STAFF-08
20241105008,5,Palak Paneer,STAFF-08
20241105008,6,Palak Paneer,STAFF-08
20241105008,7,Palak Paneer,STAFF-11
20241105009,1,Sauerbraten,STAFF-02
20241105009,2,Sauerbraten,STAFF-02
20241105009,3,Sauerbraten,STAFF-02
20241105009,4,Sauerbraten,STAFF-05
20241105009,5,Sauerbraten,STAFF-05
20241105010,1,Ayam Balado,STAFF-07
20241105011,1,Ayam Balado,STAFF-09
20241105011,2,Ayam Balado,STAFF-09
20241105011,3,Ayam Balado,STAFF-09
20241105011,4,Rinderrouladen,STAFF-12
20241105011,5,Rinderrouladen,STAFF-12
20241105011,6,Rinderrouladen,STAFF-12
20241106001,1,Rendang,STAFF-10
20241106002,1,Thunder Tea Rice,STAFF-02
20241106002,2,Thunder Tea Rice,STAFF-02
20241106003,1,Gudeg,STAFF-01
20241106003,2,Gudeg,STAFF-01
20241106003,3,Gudeg,STAFF-01
20241106003,4,Gudeg,STAFF-01
20241106004,1,Palak Paneer,STAFF-03
20241106004,2,Palak Paneer,STAFF-03
20241106004,3,Palak Paneer,STAFF-03
20241106005,1,Rendang,STAFF-04
20241106005,2,Rendang,STAFF-04
20241106005,3,Rendang,STAFF-04
20241106006,1,Palak Paneer,STAFF-06
20241106006,2,Palak Paneer,STAFF-06
20241106006,3,Palak Paneer,STAFF-06
20241106007,1,Ayam Balado,STAFF-05
20241106007,2,Ayam Balado,STAFF-07
20241106007,3,Ayam Balado,STAFF-07
20241107001,1,Rendang,STAFF-08
20241107001,2,Rendang,STAFF-08
20241107002,1,Gudeg,STAFF-09
20241107003,1,Gudeg,STAFF-10
20241107004,1,Sauerbraten,STAFF-11
20241107005,1,Ayam Balado,STAFF-12
20241107005,2,Rendang,STAFF-01
20241107005,3,Rendang,STAFF-01
20241107006,1,Rendang,STAFF-03
20241107006,2,Rendang,STAFF-03
20241107006,3,Rendang,STAFF-03
20241107006,4,Rendang,STAFF-03
20241108001,1,Rinderrouladen,STAFF-02
20241108001,2,Rinderrouladen,STAFF-02
20241108002,1,Gudeg,STAFF-04
20241108002,2,Gudeg,STAFF-04
20241108002,3,Gudeg,STAFF-05
20241108002,4,Gudeg,STAFF-05
20241108003,1,Palak Paneer,STAFF-06
20241108004,1,Rendang,STAFF-07
20241108004,2,Rendang,STAFF-08
20241108005,1,Rinderrouladen,STAFF-09
20241108005,2,Rinderrouladen,STAFF-09
20241108005,3,Rinderrouladen,STAFF-09
20241108005,4,Rinderrouladen,STAFF-09
20241108006,1,Rinderrouladen,STAFF-11
20241108007,1,Ayam Balado,STAFF-01
20241108007,2,Ayam Balado,STAFF-01
20241108007,3,Ayam Balado,STAFF-10
20241108007,4,Ayam Balado,STAFF-10
20241108007,5,Ayam Balado,STAFF-10
20241108007,6,Ayam Balado,STAFF-12
20241108008,1,Rendang,STAFF-03
20241109001,1,Rinderrouladen,STAFF-02
20241109002,1,Bun Cha,STAFF-05
20241109002,2,Bun Cha,STAFF-05
20241109002,3,Bun Cha,STAFF-06
20241109002,4,Bun Cha,STAFF-06
20241109002,5,Bun Cha,STAFF-06
20241109003,1,Rendang,STAFF-04
20241109004,1,Ayam Balado,STAFF-07
20241109004,2,Ayam Balado,STAFF-07
20241109004,3,Ayam Balado,STAFF-08
20241109004,4,Ayam Balado,STAFF-08
20241109004,5,Ayam Balado,STAFF-08
20241109005,1,Ayam Balado,STAFF-09
20241109005,2,Ayam Balado,STAFF-10
20241109006,1,Gudeg,STAFF-11
20241109007,1,Rinderrouladen,STAFF-12
20241109007,2,Rinderrouladen,STAFF-12
20241109007,3,Rinderrouladen,STAFF-12
20241109008,1,Rendang,STAFF-01
20241109008,2,Rendang,STAFF-01
20241109008,3,Rendang,STAFF-01
20241109008,4,Rendang,STAFF-01
20241109008,5,Sauerbraten,STAFF-02
20241109008,6,Sauerbraten,STAFF-02
20241109009,1,Gudeg,STAFF-03
20241109009,2,Rendang,STAFF-04
20241109009,3,Rendang,STAFF-04
20241109009,4,Rendang,STAFF-04
20241109010,1,Sauerbraten,STAFF-05
20241109011,1,Gudeg,STAFF-06
20241109011,2,Gudeg,STAFF-06
20241109011,3,Gudeg,STAFF-06
20241109012,1,Gudeg,STAFF-07
20241110001,1,Gudeg,STAFF-08
20241110002,1,Sauerbraten,STAFF-09
20241110003,1,Ayam Balado,STAFF-10
20241110003,2,Ayam Balado,STAFF-10
20241110004,1,Ayam Balado,STAFF-11
20241110004,2,Ayam Balado,STAFF-11
20241110005,1,Palak Paneer,STAFF-03
20241110005,2,Palak Paneer,STAFF-12
20241111001,1,Palak Paneer,STAFF-06
20241111001,2,Palak Paneer,STAFF-06
20241111001,3,Palak Paneer,STAFF-06
20241111002,1,Rinderrouladen,STAFF-01
20241111003,1,Bun Cha,STAFF-05
20241111004,1,Ayam Balado,STAFF-04
20241111004,2,Palak Paneer,STAFF-08
20241111004,3,Palak Paneer,STAFF-08
20241111005,1,Palak Paneer,STAFF-11
20241111005,2,Palak Paneer,STAFF-11
20241111005,3,Palak Paneer,STAFF-11
20241111005,4,Palak Paneer,STAFF-11
20241111006,1,Rendang,STAFF-07
20241111006,2,Rendang,STAFF-07
20241111007,1,Ayam Balado,STAFF-09
20241111007,2,Ayam Balado,STAFF-09
20241111008,1,Rendang,STAFF-10
20241111008,2,Rendang,STAFF-10
20241111008,3,Rendang,STAFF-12
20241111008,4,Rendang,STAFF-12
20241111008,5,Rendang,STAFF-12
20241112001,1,Rendang,STAFF-01
20241112002,1,Rendang,STAFF-03
20241112002,2,Rendang,STAFF-03
20241112002,3,Rendang,STAFF-03
20241112003,1,Rendang,STAFF-04
20241112004,1,Ayam Balado,STAFF-05
20241112004,2,Ayam Balado,STAFF-06
20241112004,3,Sauerbraten,STAFF-02
20241112004,4,Sauerbraten,STAFF-02
20241112004,5,Sauerbraten,STAFF-02
20241112005,1,Palak Paneer,STAFF-08
20241112006,1,Rendang,STAFF-07
20241112007,1,Sauerbraten,STAFF-02
20241112007,2,Sauerbraten,STAFF-02
20241112007,3,Sauerbraten,STAFF-02
20241113001,1,Rinderrouladen,STAFF-09
20241113001,2,Rinderrouladen,STAFF-09
20241113002,1,Rendang,STAFF-10
20241113002,2,Rendang,STAFF-10
20241113003,1,Rinderrouladen,STAFF-11
20241113003,2,Rinderrouladen,STAFF-12
20241113004,1,Rinderrouladen,STAFF-01
20241113004,2,Rinderrouladen,STAFF-01
20241113004,3,Rinderrouladen,STAFF-01
20241113005,1,Rendang,STAFF-03
20241114001,1,Rendang,STAFF-04
20241114001,2,Rendang,STAFF-04
20241114002,1,Gudeg,STAFF-05
20241114003,1,Thunder Tea Rice,STAFF-02
20241114004,1,Palak Paneer,STAFF-06
20241114004,2,Palak Paneer,STAFF-06
20241114005,1,Palak Paneer,STAFF-08
20241114005,2,Palak Paneer,STAFF-08
20241114005,3,Palak Paneer,STAFF-08
20241114005,4,Rendang,STAFF-07
20241114005,5,Rendang,STAFF-07
20241114005,6,Rendang,STAFF-07
20241114006,1,Palak Paneer,STAFF-11
20241114006,2,Palak Paneer,STAFF-11
20241114006,3,Palak Paneer,STAFF-11
20241114006,4,Rinderrouladen,STAFF-09
20241114006,5,Rinderrouladen,STAFF-09
20241114006,6,Rinderrouladen,STAFF-09
20241114007,1,Ayam Balado,STAFF-10
20241114007,2,Ayam Balado,STAFF-12
20241114008,1,Ayam Balado,STAFF-03
20241114008,2,Ayam Balado,STAFF-03
20241114008,3,Sauerbraten,STAFF-01
20241114009,1,Rendang,STAFF-04
20241114010,1,Rendang,STAFF-05
20241115001,1,Rinderrouladen,STAFF-02
20241115001,2,Rinderrouladen,STAFF-02
20241115001,3,Rinderrouladen,STAFF-02
20241115002,1,Rinderrouladen,STAFF-06
20241115003,1,Sauerbraten,STAFF-07
20241115004,1,Sauerbraten,STAFF-09
20241115004,2,Sauerbraten,STAFF-09
20241115005,1,Rendang,STAFF-08
20241115005,2,Rendang,STAFF-08
20241115006,1,Gudeg,STAFF-10
20241115006,2,Gudeg,STAFF-10
20241115007,1,Rinderrouladen,STAFF-11
20241115007,2,Rinderrouladen,STAFF-11
20241115007,3,Rinderrouladen,STAFF-11
20241115008,1,Rendang,STAFF-12
20241115008,2,Rendang,STAFF-12
20241115009,1,Ayam Balado,STAFF-01
20241115009,2,Ayam Balado,STAFF-01
20241115010,1,Rinderrouladen,STAFF-02
20241115010,2,Rinderrouladen,STAFF-02
20241115010,3,Rinderrouladen,STAFF-04
20241115010,4,Rinderrouladen,STAFF-04
20241115010,5,Rinderrouladen,STAFF-04
20241116001,1,Bun Cha,STAFF-03
20241116001,2,Bun Cha,STAFF-03
20241116001,3,Bun Cha,STAFF-03
20241116002,1,Bun Cha,STAFF-05
20241116003,1,Ayam Balado,STAFF-06
20241116003,2,Ayam Balado,STAFF-06
20241116004,1,Rendang,STAFF-07
20241116004,2,Rendang,STAFF-07
20241116004,3,Rendang,STAFF-07
20241116004,4,Rendang,STAFF-07
20241116005,1,Gudeg,STAFF-08
20241116006,1,Palak Paneer,STAFF-11
20241116007,1,Rinderrouladen,STAFF-09
20241116007,2,Rinderrouladen,STAFF-09
20241116007,3,Rinderrouladen,STAFF-09
20241116008,1,Rendang,STAFF-10
20241116008,2,Rendang,STAFF-12
20241116009,1,Rinderrouladen,STAFF-01
20241116009,2,Rinderrouladen,STAFF-01
20241116010,1,Rendang,STAFF-03
20241116010,2,Rendang,STAFF-03
20241116010,3,Rendang,STAFF-04
20241116011,1,Rinderrouladen,STAFF-02
20241117001,1,Rinderrouladen,STAFF-05
20241117002,1,Rinderrouladen,STAFF-06
20241117003,1,Gudeg,STAFF-07
20241117003,2,Gudeg,STAFF-07
20241117003,3,Gudeg,STAFF-07
20241117004,1,Rinderrouladen,STAFF-09
20241117004,2,Rinderrouladen,STAFF-09
20241117005,1,Rendang,STAFF-08
20241117005,2,Rendang,STAFF-08
20241117005,3,Rendang,STAFF-10
20241117005,4,Rendang,STAFF-10
20241117006,1,Ayam Balado,STAFF-11
20241117007,1,Ayam Balado,STAFF-01
20241117007,2,Ayam Balado,STAFF-12
20241117007,3,Ayam Balado,STAFF-12
20241118001,1,Rinderrouladen,STAFF-02
20241118001,2,Rinderrouladen,STAFF-02
20241118001,3,Rinderrouladen,STAFF-04
20241118001,4,Rinderrouladen,STAFF-04
20241118001,5,Rinderrouladen,STAFF-04
20241118002,1,Rendang,STAFF-03
20241118003,1,Rendang,STAFF-05
20241118003,2,Rendang,STAFF-05
20241118004,1,Rendang,STAFF-06
20241118005,1,Rendang,STAFF-07
20241118005,2,Rendang,STAFF-07
20241119001,1,Sauerbraten,STAFF-09
20241119001,2,Sauerbraten,STAFF-09
20241119002,1,Rendang,STAFF-08
20241119002,2,Rinderrouladen,STAFF-11
20241119003,1,Thunder Tea Rice,STAFF-12
20241119004,1,Rendang,STAFF-10
20241119004,2,Rendang,STAFF-10
20241119004,3,Rendang,STAFF-10
20241119004,4,Rendang,STAFF-10
20241119005,1,Rinderrouladen,STAFF-01
20241119005,2,Rinderrouladen,STAFF-01
20241119005,3,Rinderrouladen,STAFF-01
20241119006,1,Rendang,STAFF-03
20241119006,2,Rendang,STAFF-03
20241119007,1,Sauerbraten,STAFF-02
20241119007,2,Sauerbraten,STAFF-04
20241119007,3,Sauerbraten,STAFF-04
20241119008,1,Palak Paneer,STAFF-06
20241119008,2,Palak Paneer,STAFF-06
20241119009,1,Palak Paneer,STAFF-08
20241120001,1,Rinderrouladen,STAFF-05
20241120002,1,Rendang,STAFF-07
20241120003,1,Ayam Balado,STAFF-09
20241120003,2,Ayam Balado,STAFF-09
20241120003,3,Ayam Balado,STAFF-09
20241120003,4,Palak Paneer,STAFF-11
20241121001,1,Bun Cha,STAFF-12
20241121002,1,Rendang,STAFF-10
20241121002,2,Rendang,STAFF-10
20241121002,3,Rendang,STAFF-10
20241121003,1,Sauerbraten,STAFF-01
20241121004,1,Sauerbraten,STAFF-02
20241121005,1,Rendang,STAFF-03
20241121005,2,Rendang,STAFF-03
20241121006,1,Rinderrouladen,STAFF-04
20241121007,1,Bun Cha,STAFF-05
20241121008,1,Ayam Balado,STAFF-06
20241121008,2,Ayam Balado,STAFF-06
20241121008,3,Ayam Balado,STAFF-06
20241122001,1,Rendang,STAFF-07
20241122001,2,Rendang,STAFF-07
20241122002,1,Palak Paneer,STAFF-08
20241122003,1,Rendang,STAFF-09
20241122004,1,Sauerbraten,STAFF-11
20241122005,1,Ayam Balado,STAFF-10
20241122005,2,Rendang,STAFF-12
20241123001,1,Bun Cha,STAFF-03
20241123001,2,Bun Cha,STAFF-03
20241123001,3,Bun Cha,STAFF-05
20241123002,1,Rendang,STAFF-01
20241123002,2,Rendang,STAFF-01
20241123002,3,Rendang,STAFF-01
20241123003,1,Palak Paneer,STAFF-06
20241123003,2,Palak Paneer,STAFF-06
20241123004,1,Gudeg,STAFF-04
20241123004,2,Gudeg,STAFF-07
20241123004,3,Gudeg,STAFF-07
20241123004,4,Gudeg,STAFF-07
20241123005,1,Ayam Balado,STAFF-08
20241123006,1,Rendang,STAFF-09
20241124001,1,Rendang,STAFF-10
20241124001,2,Rendang,STAFF-10
20241125001,1,Palak Paneer,STAFF-11
20241125001,2,Palak Paneer,STAFF-11
20241125001,3,Palak Paneer,STAFF-11
20241125001,4,Palak Paneer,STAFF-11
20241125002,1,Rendang,STAFF-12
20241125002,2,Rendang,STAFF-12
20241125002,3,Rendang,STAFF-12
20241125003,1,Rinderrouladen,STAFF-02
20241125003,2,Rinderrouladen,STAFF-02
20241125003,3,Rinderrouladen,STAFF-02
20241125003,4,Rinderrouladen,STAFF-02
20241125004,1,Bun Cha,STAFF-03
20241125004,2,Bun Cha,STAFF-03
20241125004,3,Bun Cha,STAFF-03
20241125004,4,Bun Cha,STAFF-03
20241125005,1,Rendang,STAFF-01
20241125006,1,Rendang,STAFF-04
20241125007,1,Ayam Balado,STAFF-05
20241125008,1,Rinderrouladen,STAFF-02
20241125009,1,Ayam Balado,STAFF-06
20241125009,2,Ayam Balado,STAFF-06
20241125010,1,Ayam Balado,STAFF-07
20241125010,2,Ayam Balado,STAFF-07
20241125010,3,Palak Paneer,STAFF-08
20241126001,1,Rendang,STAFF-09
20241126002,1,Gudeg,STAFF-10
20241126002,2,Sauerbraten,STAFF-11
20241126002,3,Sauerbraten,STAFF-11
20241126003,1,Sauerbraten,STAFF-01
20241126003,2,Sauerbraten,STAFF-01
20241126003,3,Sauerbraten,STAFF-12
20241126003,4,Sauerbraten,STAFF-12
20241126004,1,Rendang,STAFF-03
20241126005,1,Rendang,STAFF-04
20241126006,1,Gudeg,STAFF-05
20241126006,2,Gudeg,STAFF-05
20241126006,3,Rinderrouladen,STAFF-02
20241126007,1,Sauerbraten,STAFF-06
20241126007,2,Sauerbraten,STAFF-06
20241128001,1,Palak Paneer,STAFF-08
20241128001,2,Palak Paneer,STAFF-08
20241128001,3,Palak Paneer,STAFF-08
20241128001,4,Palak Paneer,STAFF-08
20241128002,1,Rinderrouladen,STAFF-07
20241128002,2,Rinderrouladen,STAFF-07
20241128002,3,Rinderrouladen,STAFF-07
20241128003,1,Rinderrouladen,STAFF-09
20241128004,1,Rendang,STAFF-10
20241128004,2,Rendang,STAFF-10
20241128005,1,Rendang,STAFF-11
20241128005,2,Rendang,STAFF-11
20241128006,1,Palak Paneer,STAFF-12
20241129001,1,Sauerbraten,STAFF-01
20241129002,1,Rendang,STAFF-03
20241129002,2,Rendang,STAFF-03
20241129003,1,Rinderrouladen,STAFF-02
20241129003,2,Rinderrouladen,STAFF-04
20241129004,1,Rinderrouladen,STAFF-05
20241129004,2,Rinderrouladen,STAFF-05
20241129005,1,Rendang,STAFF-06
20241129006,1,Sauerbraten,STAFF-07
20241129006,2,Sauerbraten,STAFF-07
20241129006,3,Sauerbraten,STAFF-07
20241129006,4,Sauerbraten,STAFF-07
20241130001,1,Sauerbraten,STAFF-09
20241130001,2,Sauerbraten,STAFF-09
20241130002,1,Ayam Balado,STAFF-10
20241130002,2,Ayam Balado,STAFF-10
20241130002,3,Gudeg,STAFF-08
20241130002,4,Gudeg,STAFF-08
20241130003,1,Sauerbraten,STAFF-11
20241130003,2,Sauerbraten,STAFF-11
20241130003,3,Sauerbraten,STAFF-11
20241130004,1,Rinderrouladen,STAFF-12
20241130005,1,Rinderrouladen,STAFF-01
20241130005,2,Rinderrouladen,STAFF-01
20241130005,3,Rinderrouladen,STAFF-01
20241201001,1,Rinderrouladen,STAFF-02
20241201001,2,Rinderrouladen,STAFF-02
20241201001,3,Rinderrouladen,STAFF-02
20241201001,4,Rinderrouladen,STAFF-04
20241201002,1,Rinderrouladen,STAFF-05
20241201003,1,Rinderrouladen,STAFF-06
20241201003,2,Rinderrouladen,STAFF-06
20241201004,1,Sauerbraten,STAFF-07
20241201004,2,Sauerbraten,STAFF-07
20241201004,3,Sauerbraten,STAFF-07
20241201004,4,Sauerbraten,STAFF-09
20241201005,1,Palak Paneer,STAFF-03
20241201006,1,Rendang,STAFF-08
20241201007,1,Rendang,STAFF-10
20241201008,1,Rendang,STAFF-11
20241201008,2,Rendang,STAFF-11
20241201008,3,Rendang,STAFF-11
20241201009,1,Rendang,STAFF-12
20241201009,2,Rendang,STAFF-12
20241201009,3,Rendang,STAFF-12
20241201010,1,Rinderrouladen,STAFF-01
20241201010,2,Rinderrouladen,STAFF-02
20241201011,1,Rinderrouladen,STAFF-04
20241202001,1,Rendang,STAFF-03
20241202002,1,Gudeg,STAFF-05
20241202003,1,Rinderrouladen,STAFF-06
20241202004,1,Sauerbraten,STAFF-07
20241202005,1,Bun Cha,STAFF-08
20241202006,1,Thunder Tea Rice,STAFF-11
20241202006,2,Thunder Tea Rice,STAFF-11
20241202007,1,Palak Paneer,STAFF-12
20241202008,1,Gudeg,STAFF-09
20241202009,1,Palak Paneer,STAFF-03
20241202009,2,Palak Paneer,STAFF-03
20241203001,1,Rendang,STAFF-10
20241203001,2,Rendang,STAFF-10
20241203001,3,Rendang,STAFF-10
20241203002,1,Rinderrouladen,STAFF-01
20241203002,2,Rinderrouladen,STAFF-02
20241203003,1,Gudeg,STAFF-04
20241203004,1,Rinderrouladen,STAFF-05
20241203004,2,Rinderrouladen,STAFF-05
20241203005,1,Rinderrouladen,STAFF-06
20241203005,2,Rinderrouladen,STAFF-06
20241203005,3,Rinderrouladen,STAFF-06
20241203005,4,Rinderrouladen,STAFF-07
20241203005,5,Rinderrouladen,STAFF-07
20241203005,6,Rinderrouladen,STAFF-07
20241203006,1,Sauerbraten,STAFF-09
20241203007,1,Ayam Balado,STAFF-10
20241203007,2,Palak Paneer,STAFF-11
20241203007,3,Palak Paneer,STAFF-11
20241203007,4,Palak Paneer,STAFF-11
20241203007,5,Rendang,STAFF-08
20241203008,1,Rinderrouladen,STAFF-12
20241203009,1,Palak Paneer,STAFF-03
20241203009,2,Palak Paneer,STAFF-03
20241204001,1,Bun Cha,STAFF-05
20241204001,2,Bun Cha,STAFF-05
20241204001,3,Bun Cha,STAFF-05
20241204001,4,Bun Cha,STAFF-05
20241204002,1,Rendang,STAFF-01
20241204002,2,Rendang,STAFF-01
20241204002,3,Rendang,STAFF-01
20241204003,1,Rendang,STAFF-04
20241204003,2,Rendang,STAFF-04
20241204004,1,Gudeg,STAFF-06
20241204005,1,Rinderrouladen,STAFF-02
20241204005,2,Rinderrouladen,STAFF-07
20241204005,3,Rinderrouladen,STAFF-07
20241204005,4,Rinderrouladen,STAFF-07
20241204006,1,Rinderrouladen,STAFF-09
20241204007,1,Ayam Balado,STAFF-08
20241204007,2,Ayam Balado,STAFF-08
20241204007,3,Ayam Balado,STAFF-08
20241204008,1,Rinderrouladen,STAFF-11
20241204009,1,Ayam Balado,STAFF-10
20241204009,2,Ayam Balado,STAFF-10
20241205001,1,Gudeg,STAFF-12
20241205002,1,Bun Cha,STAFF-03
20241205003,1,Rinderrouladen,STAFF-01
20241205003,2,Rinderrouladen,STAFF-01
20241205003,3,Rinderrouladen,STAFF-02
20241205003,4,Rinderrouladen,STAFF-02
20241205004,1,Rendang,STAFF-04
20241205005,1,Gudeg,STAFF-05
20241205006,1,Palak Paneer,STAFF-06
20241205006,2,Palak Paneer,STAFF-06
20241205007,1,Rendang,STAFF-07
20241205008,1,Rendang,STAFF-08
20241205008,2,Rendang,STAFF-08
20241205008,3,Rendang,STAFF-08
20241206001,1,Rendang,STAFF-09
20241206002,1,Ayam Balado,STAFF-10
20241206003,1,Ayam Balado,STAFF-12
20241206003,2,Ayam Balado,STAFF-12
20241206003,3,Ayam Balado,STAFF-12
20241206003,4,Rendang,STAFF-11
20241207001,1,Rinderrouladen,STAFF-01
20241207002,1,Gudeg,STAFF-03
20241207002,2,Gudeg,STAFF-03
20241207003,1,Rendang,STAFF-04
20241207003,2,Rendang,STAFF-04
20241207004,1,Palak Paneer,STAFF-06
20241207005,1,Rinderrouladen,STAFF-02
20241207005,2,Rinderrouladen,STAFF-02
20241207006,1,Gudeg,STAFF-05
20241208001,1,Bun Cha,STAFF-07
20241208002,1,Palak Paneer,STAFF-11
20241208002,2,Rendang,STAFF-08
20241208003,1,Bun Cha,STAFF-12
20241208004,1,Rinderrouladen,STAFF-01
20241208004,2,Rinderrouladen,STAFF-09
20241208005,1,Palak Paneer,STAFF-03
20241208006,1,Thunder Tea Rice,STAFF-02
20241208007,1,Palak Paneer,STAFF-06
20241208008,1,Rinderrouladen,STAFF-04
20241208008,2,Rinderrouladen,STAFF-04
20241208009,1,Rinderrouladen,STAFF-05
20241208009,2,Rinderrouladen,STAFF-05
20241209001,1,Palak Paneer,STAFF-08
20241209002,1,Gudeg,STAFF-10
20241209002,2,Gudeg,STAFF-10
20241209003,1,Rinderrouladen,STAFF-07
20241209004,1,Bun Cha,STAFF-11
20241209005,1,Sauerbraten,STAFF-09
20241209005,2,Sauerbraten,STAFF-09
20241210001,1,Bun Cha,STAFF-12
20241210002,1,Ayam Balado,STAFF-10
20241210002,2,Ayam Balado,STAFF-10
20241211001,1,Rendang,STAFF-01
20241211002,1,Bun Cha,STAFF-03
20241211003,1,Ayam Balado,STAFF-04
20241211003,2,Ayam Balado,STAFF-04
20241211004,1,Thunder Tea Rice,STAFF-02
20241211005,1,Sauerbraten,STAFF-05
20241211006,1,Rendang,STAFF-06
20241211006,2,Rendang,STAFF-06
20241211007,1,Rendang,STAFF-07
20241211007,2,Rendang,STAFF-07
20241212001,1,Rinderrouladen,STAFF-09
20241212002,1,Gudeg,STAFF-08
20241212002,2,Gudeg,STAFF-08
20241212002,3,Gudeg,STAFF-08
20241212003,1,Gudeg,STAFF-10
20241212003,2,Thunder Tea Rice,STAFF-11
20241212003,3,Thunder Tea Rice,STAFF-11
20241212003,4,Thunder Tea Rice,STAFF-11
20241212003,5,Thunder Tea Rice,STAFF-12
20241212004,1,Sauerbraten,STAFF-01
20241212004,2,Sauerbraten,STAFF-02
20241213001,1,Gudeg,STAFF-03
20241213002,1,Ayam Balado,STAFF-05
20241213002,2,Gudeg,STAFF-04
20241213003,1,Ayam Balado,STAFF-06
20241213004,1,Sauerbraten,STAFF-07
20241213005,1,Palak Paneer,STAFF-08
20241213005,2,Palak Paneer,STAFF-11
20241213005,3,Palak Paneer,STAFF-11
20241213005,4,Palak Paneer,STAFF-11
20241213006,1,Rendang,STAFF-09
20241213006,2,Rendang,STAFF-09
20241213006,3,Rendang,STAFF-09
20241213006,4,Rendang,STAFF-09
20241214001,1,Rinderrouladen,STAFF-12
20241214001,2,Rinderrouladen,STAFF-12
20241214002,1,Sauerbraten,STAFF-01
20241214002,2,Sauerbraten,STAFF-01
20241214002,3,Sauerbraten,STAFF-01
20241214003,1,Palak Paneer,STAFF-03
20241214004,1,Gudeg,STAFF-10
20241214004,2,Rendang,STAFF-04
20241214004,3,Rendang,STAFF-04
20241214004,4,Rendang,STAFF-04
20241214005,1,Sauerbraten,STAFF-02
20241214005,2,Sauerbraten,STAFF-02
20241214005,3,Sauerbraten,STAFF-02
20241214006,1,Gudeg,STAFF-05
20241214006,2,Gudeg,STAFF-05
20241214006,3,Gudeg,STAFF-05
20241214006,4,Gudeg,STAFF-06
20241214006,5,Gudeg,STAFF-06
20241214007,1,Gudeg,STAFF-07
20241214007,2,Gudeg,STAFF-08
20241214007,3,Gudeg,STAFF-08
20241214007,4,Gudeg,STAFF-08
20241214007,5,Gudeg,STAFF-08
20241214008,1,Rinderrouladen,STAFF-09
20241214008,2,Rinderrouladen,STAFF-09
20241214008,3,Rinderrouladen,STAFF-09
20241215001,1,Rendang,STAFF-10
20241215001,2,Rendang,STAFF-10
20241215001,3,Sauerbraten,STAFF-11
20241215002,1,Ayam Balado,STAFF-12
20241215002,2,Ayam Balado,STAFF-12
20241216001,1,Rendang,STAFF-01
20241216002,1,Ayam Balado,STAFF-03
20241216002,2,Ayam Balado,STAFF-03
20241216003,1,Sauerbraten,STAFF-02
20241216003,2,Sauerbraten,STAFF-02
20241216004,1,Rinderrouladen,STAFF-04
20241216005,1,Rendang,STAFF-05
20241216005,2,Rendang,STAFF-05
20241216005,3,Rendang,STAFF-05
20241216006,1,Ayam Balado,STAFF-06
20241216006,2,Ayam Balado,STAFF-06
20241216006,3,Ayam Balado,STAFF-06
20241216006,4,Ayam Balado,STAFF-06
20241216007,1,Rendang,STAFF-07
20241216007,2,Rendang,STAFF-07
20241216007,3,Rendang,STAFF-07
20241216007,4,Rinderrouladen,STAFF-09
20241216007,5,Rinderrouladen,STAFF-09
20241217001,1,Bun Cha,STAFF-08
20241217001,2,Bun Cha,STAFF-08
20241217001,3,Bun Cha,STAFF-08
20241217002,1,Palak Paneer,STAFF-11
20241217002,2,Palak Paneer,STAFF-11
20241217003,1,Rinderrouladen,STAFF-12
20241217004,1,Gudeg,STAFF-10
20241217004,2,Sauerbraten,STAFF-01
20241217005,1,Palak Paneer,STAFF-03
20241217005,2,Palak Paneer,STAFF-03
20241217005,3,Palak Paneer,STAFF-03
20241217006,1,Sauerbraten,STAFF-02
20241217006,2,Sauerbraten,STAFF-02
20241217006,3,Sauerbraten,STAFF-02
20241218001,1,Rendang,STAFF-04
20241218002,1,Palak Paneer,STAFF-08
20241218002,2,Palak Paneer,STAFF-08
20241218002,3,Rendang,STAFF-06
20241218002,4,Rinderrouladen,STAFF-05
20241218002,5,Rinderrouladen,STAFF-05
20241219001,1,Ayam Balado,STAFF-07
20241219001,2,Ayam Balado,STAFF-07
20241219002,1,Rinderrouladen,STAFF-09
20241219002,2,Rinderrouladen,STAFF-09
20241219003,1,Thunder Tea Rice,STAFF-11
20241219004,1,Ayam Balado,STAFF-10
20241219004,2,Ayam Balado,STAFF-10
20241219005,1,Palak Paneer,STAFF-12
20241219006,1,Palak Paneer,STAFF-03
20241219006,2,Palak Paneer,STAFF-03
20241219007,1,Ayam Balado,STAFF-04
20241219007,2,Ayam Balado,STAFF-04
20241219007,3,Ayam Balado,STAFF-04
20241219007,4,Rinderrouladen,STAFF-01
20241219008,1,Palak Paneer,STAFF-06
20241219008,2,Palak Paneer,STAFF-06
20241219008,3,Palak Paneer,STAFF-06
20241219008,4,Rendang,STAFF-05
20241219008,5,Rendang,STAFF-05
20241219008,6,Rendang,STAFF-05
20241220001,1,Bun Cha,STAFF-07
20241220002,1,Rinderrouladen,STAFF-02
20241220003,1,Palak Paneer,STAFF-08
20241220003,2,Palak Paneer,STAFF-08
20241220003,3,Palak Paneer,STAFF-08
20241220004,1,Bun Cha,STAFF-11
20241220005,1,Rinderrouladen,STAFF-09
20241220005,2,Thunder Tea Rice,STAFF-12
20241220005,3,Thunder Tea Rice,STAFF-12
20241220005,4,Thunder Tea Rice,STAFF-12
20241220005,5,Thunder Tea Rice,STAFF-12
20241220006,1,Bun Cha,STAFF-03
20241220006,2,Bun Cha,STAFF-03
20241220007,1,Palak Paneer,STAFF-06
20241220008,1,Palak Paneer,STAFF-08
20241221001,1,Palak Paneer,STAFF-11
20241221001,2,Rendang,STAFF-10
20241221001,3,Rendang,STAFF-10
20241221001,4,Rendang,STAFF-10
20241221001,5,Rendang,STAFF-10
20241221002,1,Gudeg,STAFF-01
20241221002,2,Gudeg,STAFF-01
20241221002,3,Gudeg,STAFF-01
20241221003,1,Ayam Balado,STAFF-04
20241221003,2,Ayam Balado,STAFF-04
20241221003,3,Ayam Balado,STAFF-04
20241221003,4,Rendang,STAFF-05
20241221003,5,Rendang,STAFF-05
20241221003,6,Rendang,STAFF-05
20241221003,7,Rendang,STAFF-05
20241221004,1,Rinderrouladen,STAFF-02
20241221005,1,Rendang,STAFF-07
20241221006,1,Sauerbraten,STAFF-09
20241221007,1,Ayam Balado,STAFF-10
20241221008,1,Bun Cha,STAFF-12
20241221009,1,Bun Cha,STAFF-03
20241221009,2,Bun Cha,STAFF-03
20241221009,3,Rinderrouladen,STAFF-01
20241221009,4,Rinderrouladen,STAFF-01
20241221010,1,Bun Cha,STAFF-05
20241221011,1,Rendang,STAFF-04
20241221012,1,Bun Cha,STAFF-06
20241222001,1,Palak Paneer,STAFF-08
20241222001,2,Palak Paneer,STAFF-08
20241222001,3,Palak Paneer,STAFF-08
20241222002,1,Palak Paneer,STAFF-11
20241222003,1,Ayam Balado,STAFF-07
20241222003,2,Ayam Balado,STAFF-09
20241222003,3,Ayam Balado,STAFF-09
20241222004,1,Ayam Balado,STAFF-10
20241222004,2,Ayam Balado,STAFF-10
20241222004,3,Ayam Balado,STAFF-10
20241222005,1,Sauerbraten,STAFF-02
20241222005,2,Sauerbraten,STAFF-02
20241222006,1,Bun Cha,STAFF-12
20241223001,1,Bun Cha,STAFF-03
20241223001,2,Bun Cha,STAFF-03
20241223001,3,Bun Cha,STAFF-03
20241223001,4,Bun Cha,STAFF-03
20241223002,1,Rinderrouladen,STAFF-01
20241223002,2,Rinderrouladen,STAFF-01
20241223003,1,Rinderrouladen,STAFF-02
20241223003,2,Rinderrouladen,STAFF-02
20241223003,3,Rinderrouladen,STAFF-02
20241223004,1,Palak Paneer,STAFF-06
20241223005,1,Rendang,STAFF-04
20241223006,1,Rinderrouladen,STAFF-05
20241223007,1,Rendang,STAFF-07
20241223007,2,Rendang,STAFF-07
20241223007,3,Rendang,STAFF-07
20241223007,4,Rendang,STAFF-07
20241223008,1,Bun Cha,STAFF-08
20241223008,2,Bun Cha,STAFF-08
20241223008,3,Rendang,STAFF-09
20241223009,1,Bun Cha,STAFF-11
20241224001,1,Rinderrouladen,STAFF-12
20241224002,1,Ayam Balado,STAFF-10
20241224002,2,Ayam Balado,STAFF-10
20241224002,3,Ayam Balado,STAFF-10
20241224003,1,Bun Cha,STAFF-03
20241224003,2,Bun Cha,STAFF-03
20241224004,1,Ayam Balado,STAFF-01
20241224004,2,Ayam Balado,STAFF-01
20241224005,1,Rendang,STAFF-04
20241224005,2,Rendang,STAFF-04
20241224005,3,Thunder Tea Rice,STAFF-02
20241224005,4,Thunder Tea Rice,STAFF-02
20241224006,1,Palak Paneer,STAFF-06
20241224006,2,Palak Paneer,STAFF-06
20241225001,1,Rendang,STAFF-05
20241225001,2,Rendang,STAFF-07
20241225002,1,Gudeg,STAFF-08
20241225002,2,Gudeg,STAFF-08
20241225002,3,Rinderrouladen,STAFF-09
20241225002,4,Rinderrouladen,STAFF-09
20241225003,1,Rinderrouladen,STAFF-11
20241225003,2,Rinderrouladen,STAFF-11
20241225003,3,Rinderrouladen,STAFF-11
20241225004,1,Gudeg,STAFF-10
20241225004,2,Gudeg,STAFF-10
20241225004,3,Gudeg,STAFF-10
20241225005,1,Palak Paneer,STAFF-12
20241225005,2,Palak Paneer,STAFF-12
20241225005,3,Palak Paneer,STAFF-12
20241225006,1,Sauerbraten,STAFF-01
20241225006,2,Sauerbraten,STAFF-02
20241225007,1,Rendang,STAFF-03
20241225008,1,Palak Paneer,STAFF-06
20241225008,2,Palak Paneer,STAFF-06
20241225008,3,Palak Paneer,STAFF-06
20241225008,4,Rinderrouladen,STAFF-04
20241226001,1,Palak Paneer,STAFF-08
20241226001,2,Palak Paneer,STAFF-08
20241226001,3,Palak Paneer,STAFF-08
20241226002,1,Thunder Tea Rice,STAFF-07
20241227001,1,Gudeg,STAFF-05
20241227001,2,Gudeg,STAFF-05
20241227001,3,Gudeg,STAFF-05
20241227002,1,Bun Cha,STAFF-11
20241227003,1,Bun Cha,STAFF-12
20241227003,2,Bun Cha,STAFF-12
20241227004,1,Rinderrouladen,STAFF-09
20241227004,2,Rinderrouladen,STAFF-09
20241227005,1,Rendang,STAFF-10
20241227005,2,Rendang,STAFF-10
20241227006,1,Gudeg,STAFF-01
20241227006,2,Gudeg,STAFF-01
20241227006,3,Gudeg,STAFF-01
20241227006,4,Gudeg,STAFF-01
20241227006,5,Rinderrouladen,STAFF-02
20241227007,1,Sauerbraten,STAFF-04
20241228001,1,Bun Cha,STAFF-03
20241228002,1,Bun Cha,STAFF-05
20241228003,1,Rinderrouladen,STAFF-06
20241228003,2,Rinderrouladen,STAFF-06
20241228004,1,Rendang,STAFF-07
20241228004,2,Rendang,STAFF-07
20241228004,3,Rendang,STAFF-07
20241228005,1,Palak Paneer,STAFF-08
20241228005,2,Palak Paneer,STAFF-08
20241228005,3,Palak Paneer,STAFF-08
20241228006,1,Ayam Balado,STAFF-09
20241228007,1,Rendang,STAFF-10
20241228008,1,Palak Paneer,STAFF-11
20241228008,2,Palak Paneer,STAFF-11
20241228008,3,Palak Paneer,STAFF-11
20241229001,1,Bun Cha,STAFF-12
20241229002,1,Gudeg,STAFF-01
20241229002,2,Thunder Tea Rice,STAFF-02
20241229003,1,Bun Cha,STAFF-03
20241229004,1,Thunder Tea Rice,STAFF-06
20241229005,1,Bun Cha,STAFF-05
20241229006,1,Ayam Balado,STAFF-04
20241229006,2,Ayam Balado,STAFF-04
20241229007,1,Rendang,STAFF-07
20241230001,1,Bun Cha,STAFF-08
20241230001,2,Bun Cha,STAFF-08
20241230001,3,Bun Cha,STAFF-08
20241230002,1,Rinderrouladen,STAFF-09
20241230003,1,Ayam Balado,STAFF-11
20241230003,2,Ayam Balado,STAFF-11
20241230003,3,Rendang,STAFF-10
20241230003,4,Rendang,STAFF-10
20241230003,5,Rendang,STAFF-10
20241230004,1,Rendang,STAFF-12
20241230004,2,Rendang,STAFF-12
20241230004,3,Rendang,STAFF-12
20241230004,4,Rinderrouladen,STAFF-01
20241230004,5,Rinderrouladen,STAFF-01
20241230004,6,Rinderrouladen,STAFF-01
20241230005,1,Rinderrouladen,STAFF-02
20241230005,2,Rinderrouladen,STAFF-02
20241230006,1,Gudeg,STAFF-03
20241230006,2,Gudeg,STAFF-03
20241230007,1,Palak Paneer,STAFF-06
20241230007,2,Palak Paneer,STAFF-06
20241231001,1,Bun Cha,STAFF-05
20241231001,2,Bun Cha,STAFF-05
20241231002,1,Bun Cha,STAFF-07
20241231002,2,Palak Paneer,STAFF-08
20241231003,1,Sauerbraten,STAFF-04
20241231003,2,Sauerbraten,STAFF-04
20241231004,1,Rinderrouladen,STAFF-09
20241231004,2,Rinderrouladen,STAFF-09
20241231004,3,Rinderrouladen,STAFF-11
20241231005,1,Palak Paneer,STAFF-12
20241231005,2,Rinderrouladen,STAFF-01
20241231005,3,Rinderrouladen,STAFF-01
20241231005,4,Rinderrouladen,STAFF-01
20241231006,1,Gudeg,STAFF-10
20241231006,2,Gudeg,STAFF-10
20241231006,3,Thunder Tea Rice,STAFF-02
20241231006,4,Thunder Tea Rice,STAFF-02
20241231006,5,Thunder Tea Rice,STAFF-02
20241231007,1,Palak Paneer,STAFF-03
20241231008,1,Rendang,STAFF-04
20241231009,1,Palak Paneer,STAFF-06
20241231009,2,Palak Paneer,STAFF-06
20241231009,3,Rinderrouladen,STAFF-05
20241231010,1,Ayam Balado,STAFF-08
20241231010,2,Rendang,STAFF-07
20250102001,1,Rinderrouladen,STAFF-09
20250102001,2,Rinderrouladen,STAFF-09
20250102001,3,Rinderrouladen,STAFF-09
20250102002,1,Sauerbraten,STAFF-11
20250102002,2,Sauerbraten,STAFF-11
20250102002,3,Sauerbraten,STAFF-11
20250102002,4,Sauerbraten,STAFF-12
20250102003,1,Bun Cha,STAFF-03
20250102003,2,Bun Cha,STAFF-05
20250102004,1,Gudeg,STAFF-10
20250102005,1,Ayam Balado,STAFF-01
20250102005,2,Ayam Balado,STAFF-01
20250102005,3,Rinderrouladen,STAFF-02
20250102006,1,Palak Paneer,STAFF-06
20250103001,1,Bun Cha,STAFF-07
20250103001,2,Bun Cha,STAFF-07
20250103001,3,Bun Cha,STAFF-07
20250103002,1,Rinderrouladen,STAFF-04
20250103003,1,Rinderrouladen,STAFF-09
20250103004,1,Palak Paneer,STAFF-08
20250103005,1,Gudeg,STAFF-10
20250103005,2,Gudeg,STAFF-11
20250103006,1,Rendang,STAFF-12
20250103006,2,Rendang,STAFF-12
20250104001,1,Bun Cha,STAFF-03
20250104002,1,Gudeg,STAFF-01
20250104002,2,Gudeg,STAFF-01
20250104003,1,Palak Paneer,STAFF-06
20250104003,2,Palak Paneer,STAFF-06
20250104003,3,Palak Paneer,STAFF-06
20250104004,1,Sauerbraten,STAFF-02
20250104005,1,Bun Cha,STAFF-05
20250104005,2,Palak Paneer,STAFF-08
20250104005,3,Palak Paneer,STAFF-08
20250104005,4,Palak Paneer,STAFF-11
20250104005,5,Rinderrouladen,STAFF-04
20250104005,6,Rinderrouladen,STAFF-04
20250104006,1,Gudeg,STAFF-07
20250104006,2,Gudeg,STAFF-07
20250104007,1,Rendang,STAFF-09
20250104007,2,Rendang,STAFF-09
20250105001,1,Rinderrouladen,STAFF-12
20250105002,1,Rendang,STAFF-10
20250105002,2,Rendang,STAFF-10
20250105003,1,Rinderrouladen,STAFF-01
20250105003,2,Rinderrouladen,STAFF-01
20250106001,1,Gudeg,STAFF-03
20250107001,1,Palak Paneer,STAFF-06
20250107002,1,Sauerbraten,STAFF-02
20250107002,2,Sauerbraten,STAFF-02
20250107002,3,Sauerbraten,STAFF-04
20250108001,1,Rinderrouladen,STAFF-05
20250108001,2,Rinderrouladen,STAFF-05
20250108002,1,Rendang,STAFF-07
20250108002,2,Rendang,STAFF-07
20250108002,3,Rendang,STAFF-07
20250108002,4,Rendang,STAFF-07
20250108003,1,Bun Cha,STAFF-08
20250108004,1,Palak Paneer,STAFF-11
20250108004,2,Palak Paneer,STAFF-11
20250108004,3,Palak Paneer,STAFF-11
20250109001,1,Gudeg,STAFF-09
20250109001,2,Gudeg,STAFF-09
20250109001,3,Gudeg,STAFF-09
20250109002,1,Rendang,STAFF-10
20250109002,2,Rendang,STAFF-10
20250109003,1,Rinderrouladen,STAFF-12
20250109004,1,Thunder Tea Rice,STAFF-02
20250109005,1,Rendang,STAFF-01
20250109006,1,Bun Cha,STAFF-03
20250109006,2,Rinderrouladen,STAFF-04
20250109006,3,Rinderrouladen,STAFF-04
20250109006,4,Rinderrouladen,STAFF-04
20250109007,1,Rinderrouladen,STAFF-05
20250109008,1,Rendang,STAFF-06
20250109008,2,Rendang,STAFF-06
20250110001,1,Rinderrouladen,STAFF-07
20250110002,1,Rinderrouladen,STAFF-09
20250110002,2,Rinderrouladen,STAFF-09
20250110003,1,Palak Paneer,STAFF-08
20250110004,1,Ayam Balado,STAFF-10
20250110005,1,Rinderrouladen,STAFF-11
20250110005,2,Rinderrouladen,STAFF-11
20250110005,3,Rinderrouladen,STAFF-11
20250111001,1,Rinderrouladen,STAFF-12
20250111002,1,Ayam Balado,STAFF-01
20250111002,2,Ayam Balado,STAFF-01
20250111002,3,Ayam Balado,STAFF-01
20250111003,1,Gudeg,STAFF-03
20250111003,2,Gudeg,STAFF-03
20250111003,3,Gudeg,STAFF-03
20250111004,1,Rendang,STAFF-04
20250111004,2,Rendang,STAFF-04
20250111004,3,Rendang,STAFF-04
20250111004,4,Rendang,STAFF-05
20250111004,5,Rendang,STAFF-06
20250111004,6,Rendang,STAFF-07
20250111005,1,Rinderrouladen,STAFF-02
20250111005,2,Rinderrouladen,STAFF-02
20250111006,1,Palak Paneer,STAFF-08
20250111006,2,Rinderrouladen,STAFF-09
20250111006,3,Rinderrouladen,STAFF-09
20250111006,4,Rinderrouladen,STAFF-09
20250111007,1,Rendang,STAFF-10
20250111007,2,Rendang,STAFF-10
20250111007,3,Rendang,STAFF-10
20250111008,1,Bun Cha,STAFF-11
20250111008,2,Bun Cha,STAFF-11
20250111009,1,Rendang,STAFF-12
20250111010,1,Bun Cha,STAFF-03
20250111011,1,Rinderrouladen,STAFF-01
20250111011,2,Rinderrouladen,STAFF-01
20250112001,1,Gudeg,STAFF-04
20250112001,2,Gudeg,STAFF-04
20250112001,3,Rinderrouladen,STAFF-02
20250112002,1,Rinderrouladen,STAFF-05
20250112002,2,Rinderrouladen,STAFF-05
20250112002,3,Rinderrouladen,STAFF-05
20250112002,4,Rinderrouladen,STAFF-05
20250112003,1,Ayam Balado,STAFF-06
20250112004,1,Rinderrouladen,STAFF-07
20250112004,2,Rinderrouladen,STAFF-07
20250112004,3,Rinderrouladen,STAFF-07
20250113001,1,Rinderrouladen,STAFF-09
20250113001,2,Rinderrouladen,STAFF-09
20250113001,3,Rinderrouladen,STAFF-09
20250113002,1,Rinderrouladen,STAFF-11
20250113003,1,Bun Cha,STAFF-08
20250113004,1,Rendang,STAFF-10
20250113005,1,Palak Paneer,STAFF-03
20250113005,2,Palak Paneer,STAFF-03
20250113005,3,Rendang,STAFF-12
20250113006,1,Rendang,STAFF-01
20250113007,1,Thunder Tea Rice,STAFF-02
20250114001,1,Rendang,STAFF-04
20250114001,2,Rendang,STAFF-04
20250114002,1,Bun Cha,STAFF-05
20250114002,2,Bun Cha,STAFF-05
20250114002,3,Bun Cha,STAFF-05
20250114003,1,Rinderrouladen,STAFF-06
20250114004,1,Rendang,STAFF-07
20250114004,2,Rendang,STAFF-07
20250114004,3,Rendang,STAFF-07
20250114005,1,Rinderrouladen,STAFF-09
20250114005,2,Rinderrouladen,STAFF-11
20250114006,1,Palak Paneer,STAFF-08
20250114007,1,Rendang,STAFF-10
20250114007,2,Rendang,STAFF-10
20250115001,1,Rinderrouladen,STAFF-12
20250115001,2,Rinderrouladen,STAFF-12
20250115001,3,Rinderrouladen,STAFF-12
20250115002,1,Gudeg,STAFF-01
20250115002,2,Gudeg,STAFF-01
20250115003,1,Palak Paneer,STAFF-03
20250115003,2,Palak Paneer,STAFF-03
20250115004,1,Rendang,STAFF-04
20250115004,2,Rendang,STAFF-04
20250115005,1,Palak Paneer,STAFF-06
20250115006,1,Rendang,STAFF-05
20250115006,2,Rendang,STAFF-05
20250115007,1,Rendang,STAFF-07
20250115007,2,Rendang,STAFF-07
20250115007,3,Rendang,STAFF-07
20250115008,1,Rendang,STAFF-08
20250115008,2,Rendang,STAFF-08
20250115008,3,Rendang,STAFF-08
20250115009,1,Rendang,STAFF-09
20250115009,2,Rendang,STAFF-09
20250115009,3,Rendang,STAFF-09
20250115009,4,Rendang,STAFF-09
20250115010,1,Palak Paneer,STAFF-11
20250116001,1,Rendang,STAFF-10
20250116001,2,Rendang,STAFF-10
20250116002,1,Rinderrouladen,STAFF-02
20250116002,2,Rinderrouladen,STAFF-02
20250116002,3,Rinderrouladen,STAFF-02
20250116003,1,Rinderrouladen,STAFF-12
20250116003,2,Rinderrouladen,STAFF-12
20250116003,3,Rinderrouladen,STAFF-12
20250116004,1,Bun Cha,STAFF-03
20250116005,1,Rendang,STAFF-01
20250116006,1,Rendang,STAFF-04
20250116006,2,Rendang,STAFF-04
20250116007,1,Palak Paneer,STAFF-06
20250116008,1,Ayam Balado,STAFF-05
20250116008,2,Ayam Balado,STAFF-07
20250116009,1,Bun Cha,STAFF-08
20250116009,2,Bun Cha,STAFF-08
20250117001,1,Sauerbraten,STAFF-02
20250117001,2,Sauerbraten,STAFF-02
20250117001,3,Sauerbraten,STAFF-02
20250117002,1,Palak Paneer,STAFF-11
20250117002,2,Palak Paneer,STAFF-11
20250117002,3,Palak Paneer,STAFF-11
20250117002,4,Rendang,STAFF-09
20250117003,1,Rinderrouladen,STAFF-12
20250117003,2,Rinderrouladen,STAFF-12
20250117003,3,Rinderrouladen,STAFF-12
20250117004,1,Rinderrouladen,STAFF-01
20250117004,2,Rinderrouladen,STAFF-01
20250117004,3,Rinderrouladen,STAFF-01
20250117005,1,Sauerbraten,STAFF-02
20250117005,2,Sauerbraten,STAFF-04
20250117005,3,Sauerbraten,STAFF-04
20250117005,4,Sauerbraten,STAFF-04
20250117006,1,Ayam Balado,STAFF-10
20250117006,2,Ayam Balado,STAFF-10
20250117006,3,Ayam Balado,STAFF-10
20250117006,4,Ayam Balado,STAFF-10
20250117007,1,Ayam Balado,STAFF-03
20250118001,1,Rinderrouladen,STAFF-05
20250118002,1,Ayam Balado,STAFF-06
20250118002,2,Ayam Balado,STAFF-08
20250118002,3,Rendang,STAFF-07
20250120001,1,Rinderrouladen,STAFF-09
20250120001,2,Rinderrouladen,STAFF-09
20250120002,1,Rinderrouladen,STAFF-11
20250120003,1,Bun Cha,STAFF-12
20250120004,1,Bun Cha,STAFF-03
20250120004,2,Gudeg,STAFF-10
20250120004,3,Gudeg,STAFF-10
20250120004,4,Gudeg,STAFF-10
20250120005,1,Rinderrouladen,STAFF-01
20250120006,1,Ayam Balado,STAFF-04
20250120006,2,Ayam Balado,STAFF-04
20250120007,1,Palak Paneer,STAFF-06
20250120007,2,Palak Paneer,STAFF-06
20250120007,3,Palak Paneer,STAFF-08
20250120008,1,Rendang,STAFF-05
20250120008,2,Rendang,STAFF-05
20250120008,3,Rendang,STAFF-05
20250120008,4,Rendang,STAFF-05
20250121001,1,Sauerbraten,STAFF-02
20250121002,1,Bun Cha,STAFF-07
20250121003,1,Rinderrouladen,STAFF-09
20250121004,1,Gudeg,STAFF-10
20250121004,2,Gudeg,STAFF-10
20250121005,1,Ayam Balado,STAFF-11
20250121006,1,Rendang,STAFF-01
20250121006,2,Rendang,STAFF-01
20250121006,3,Rendang,STAFF-01
20250121006,4,Rendang,STAFF-12
20250121007,1,Gudeg,STAFF-03
20250122001,1,Thunder Tea Rice,STAFF-02
20250122001,2,Thunder Tea Rice,STAFF-02
20250122001,3,Thunder Tea Rice,STAFF-02
20250122002,1,Rinderrouladen,STAFF-04
20250122002,2,Rinderrouladen,STAFF-04
20250122003,1,Sauerbraten,STAFF-05
20250122004,1,Palak Paneer,STAFF-08
20250122004,2,Palak Paneer,STAFF-08
20250122004,3,Rinderrouladen,STAFF-06
20250122005,1,Rendang,STAFF-07
20250122005,2,Rendang,STAFF-07
20250122006,1,Rinderrouladen,STAFF-09
20250124001,1,Bun Cha,STAFF-12
20250124001,2,Bun Cha,STAFF-12
20250124001,3,Bun Cha,STAFF-12
20250124001,4,Palak Paneer,STAFF-11
20250124002,1,Sauerbraten,STAFF-01
20250124003,1,Gudeg,STAFF-10
20250124003,2,Gudeg,STAFF-10
20250124003,3,Gudeg,STAFF-10
20250124004,1,Sauerbraten,STAFF-02
20250124004,2,Sauerbraten,STAFF-02
20250124004,3,Sauerbraten,STAFF-02
20250124005,1,Ayam Balado,STAFF-03
20250124005,2,Ayam Balado,STAFF-03
20250124005,3,Ayam Balado,STAFF-03
20250124005,4,Rendang,STAFF-04
20250124005,5,Rendang,STAFF-04
20250125001,1,Palak Paneer,STAFF-06
20250125002,1,Palak Paneer,STAFF-08
20250125003,1,Gudeg,STAFF-05
20250126001,1,Gudeg,STAFF-07
20250126001,2,Thunder Tea Rice,STAFF-11
20250126001,3,Thunder Tea Rice,STAFF-11
20250127001,1,Bun Cha,STAFF-12
20250127001,2,Gudeg,STAFF-09
20250127001,3,Gudeg,STAFF-09
20250127001,4,Gudeg,STAFF-09
20250127002,1,Palak Paneer,STAFF-03
20250127002,2,Palak Paneer,STAFF-03
20250127002,3,Palak Paneer,STAFF-03
20250127003,1,Rinderrouladen,STAFF-01
20250127004,1,Bun Cha,STAFF-05
20250127004,2,Rinderrouladen,STAFF-02
20250127004,3,Rinderrouladen,STAFF-02
20250127004,4,Rinderrouladen,STAFF-04
20250127005,1,Rendang,STAFF-10
20250127006,1,Rendang,STAFF-06
20250127006,2,Rendang,STAFF-06
20250127006,3,Rendang,STAFF-06
20250127007,1,Rendang,STAFF-07
20250127007,2,Rendang,STAFF-07
20250128001,1,Rendang,STAFF-08
20250128001,2,Rendang,STAFF-08
20250128001,3,Rendang,STAFF-08
20250128001,4,Rendang,STAFF-08
20250128002,1,Gudeg,STAFF-09
20250128003,1,Rinderrouladen,STAFF-11
20250128003,2,Rinderrouladen,STAFF-11
20250128004,1,Gudeg,STAFF-10
20250128005,1,Bun Cha,STAFF-03
20250128005,2,Sauerbraten,STAFF-12
20250128005,3,Sauerbraten,STAFF-12
20250128006,1,Gudeg,STAFF-01
20250128007,1,Rendang,STAFF-04
20250128008,1,Palak Paneer,STAFF-06
20250129001,1,Gudeg,STAFF-05
20250129002,1,Gudeg,STAFF-07
20250129003,1,Rinderrouladen,STAFF-02
20250129003,2,Rinderrouladen,STAFF-02
20250129003,3,Thunder Tea Rice,STAFF-08
20250130001,1,Rinderrouladen,STAFF-09
20250130001,2,Rinderrouladen,STAFF-09
20250130002,1,Rinderrouladen,STAFF-11
20250130002,2,Rinderrouladen,STAFF-11
20250130002,3,Rinderrouladen,STAFF-11
20250130003,1,Bun Cha,STAFF-12
20250130004,1,Ayam Balado,STAFF-10
20250130005,1,Gudeg,STAFF-01
20250130005,2,Gudeg,STAFF-01
20250130005,3,Gudeg,STAFF-01
20250130005,4,Gudeg,STAFF-01
20250130006,1,Rinderrouladen,STAFF-02
20250130006,2,Rinderrouladen,STAFF-02
20250130007,1,Ayam Balado,STAFF-03
20250130008,1,Rinderrouladen,STAFF-04
20250130009,1,Bun Cha,STAFF-05
20250130009,2,Bun Cha,STAFF-05
20250131001,1,Gudeg,STAFF-06
20250131001,2,Rinderrouladen,STAFF-07
20250131002,1,Rinderrouladen,STAFF-09
20250131002,2,Rinderrouladen,STAFF-09
20250131002,3,Rinderrouladen,STAFF-09
20250131003,1,Sauerbraten,STAFF-11
20250131003,2,Sauerbraten,STAFF-11
20250131004,1,Palak Paneer,STAFF-08
20250131004,2,Palak Paneer,STAFF-08
20250131004,3,Palak Paneer,STAFF-08
20250131004,4,Palak Paneer,STAFF-12
20250131004,5,Palak Paneer,STAFF-12
20250131005,1,Rendang,STAFF-10
20250131005,2,Rendang,STAFF-10
20250131006,1,Rendang,STAFF-01
20250131006,2,Rendang,STAFF-01
20250131007,1,Palak Paneer,STAFF-03
20250131007,2,Palak Paneer,STAFF-03
20250131007,3,Palak Paneer,STAFF-03
20250131008,1,Rinderrouladen,STAFF-02
20250131008,2,Rinderrouladen,STAFF-02
20250131009,1,Rinderrouladen,STAFF-04
20250131009,2,Rinderrouladen,STAFF-04
20250131010,1,Gudeg,STAFF-05
20250201001,1,Rinderrouladen,STAFF-06
20250201001,2,Rinderrouladen,STAFF-06
20250201001,3,Rinderrouladen,STAFF-06
20250201002,1,Rinderrouladen,STAFF-07
20250201003,1,Bun Cha,STAFF-08
20250201003,2,Bun Cha,STAFF-08
20250201003,3,Bun Cha,STAFF-11
20250201003,4,Bun Cha,STAFF-11
20250201004,1,Palak Paneer,STAFF-03
20250201004,2,Palak Paneer,STAFF-12
20250201005,1,Rendang,STAFF-09
20250201006,1,Palak Paneer,STAFF-06
20250201007,1,Rinderrouladen,STAFF-01
20250201007,2,Rinderrouladen,STAFF-02
20250201007,3,Rinderrouladen,STAFF-02
20250201007,4,Rinderrouladen,STAFF-02
20250201008,1,Rinderrouladen,STAFF-04
20250202001,1,Palak Paneer,STAFF-08
20250202001,2,Palak Paneer,STAFF-11
20250202002,1,Rendang,STAFF-10
20250202002,2,Rendang,STAFF-10
20250202002,3,Rendang,STAFF-10
20250202003,1,Rendang,STAFF-05
20250202003,2,Rendang,STAFF-05
20250202004,1,Rinderrouladen,STAFF-07
20250202004,2,Rinderrouladen,STAFF-07
20250202005,1,Rendang,STAFF-09
20250202006,1,Rendang,STAFF-10
20250203001,1,Palak Paneer,STAFF-12
20250203001,2,Palak Paneer,STAFF-12
20250203001,3,Palak Paneer,STAFF-12
20250203001,4,Palak Paneer,STAFF-12
20250203001,5,Rinderrouladen,STAFF-01
20250203001,6,Thunder Tea Rice,STAFF-02
20250203002,1,Rinderrouladen,STAFF-04
20250203002,2,Rinderrouladen,STAFF-04
20250203003,1,Gudeg,STAFF-03
20250203004,1,Palak Paneer,STAFF-06
20250203004,2,Palak Paneer,STAFF-06
20250203004,3,Palak Paneer,STAFF-06
20250203005,1,Rinderrouladen,STAFF-05
20250203006,1,Palak Paneer,STAFF-08
20250203006,2,Palak Paneer,STAFF-08
20250203007,1,Palak Paneer,STAFF-11
20250203007,2,Palak Paneer,STAFF-11
20250203008,1,Gudeg,STAFF-07
20250203009,1,Gudeg,STAFF-09
20250203010,1,Rendang,STAFF-10
20250203010,2,Rendang,STAFF-10
20250203010,3,Rendang,STAFF-10
20250203011,1,Rendang,STAFF-12
20250203012,1,Rendang,STAFF-01
20250203012,2,Rendang,STAFF-01
20250203013,1,Gudeg,STAFF-03
20250203013,2,Gudeg,STAFF-03
20250203013,3,Gudeg,STAFF-03
20250203014,1,Sauerbraten,STAFF-02
20250203014,2,Sauerbraten,STAFF-02
20250203014,3,Sauerbraten,STAFF-02
20250203015,1,Rinderrouladen,STAFF-04
20250203015,2,Rinderrouladen,STAFF-04
20250203016,1,Rinderrouladen,STAFF-05
20250203016,2,Rinderrouladen,STAFF-06
20250203017,1,Ayam Balado,STAFF-07
20250203017,2,Rendang,STAFF-08
20250203018,1,Ayam Balado,STAFF-09
20250203018,2,Ayam Balado,STAFF-09
20250203018,3,Ayam Balado,STAFF-09
20250203019,1,Rinderrouladen,STAFF-11
20250203020,1,Gudeg,STAFF-10
20250203020,2,Gudeg,STAFF-10
20250203020,3,Gudeg,STAFF-10
20250203021,1,Sauerbraten,STAFF-12
20250203021,2,Sauerbraten,STAFF-12
20250203021,3,Sauerbraten,STAFF-12
20250204001,1,Rinderrouladen,STAFF-01
20250204001,2,Rinderrouladen,STAFF-01
20250204001,3,Rinderrouladen,STAFF-01
20250204002,1,Gudeg,STAFF-03
20250204003,1,Rinderrouladen,STAFF-02
20250204004,1,Bun Cha,STAFF-05
20250204004,2,Bun Cha,STAFF-05
20250204005,1,Gudeg,STAFF-04
20250204005,2,Gudeg,STAFF-04
20250204006,1,Rinderrouladen,STAFF-06
20250204007,1,Gudeg,STAFF-07
20250204008,1,Rinderrouladen,STAFF-09
20250204008,2,Rinderrouladen,STAFF-09
20250204009,1,Sauerbraten,STAFF-11
20250204010,1,Sauerbraten,STAFF-01
20250204010,2,Sauerbraten,STAFF-01
20250204010,3,Sauerbraten,STAFF-12
20250204010,4,Sauerbraten,STAFF-12
20250204011,1,Bun Cha,STAFF-08
20250204011,2,Bun Cha,STAFF-08
20250204011,3,Bun Cha,STAFF-08
20250205001,1,Rinderrouladen,STAFF-02
20250205002,1,Gudeg,STAFF-03
20250205002,2,Gudeg,STAFF-03
20250205002,3,Gudeg,STAFF-05
20250205002,4,Gudeg,STAFF-10
20250205002,5,Gudeg,STAFF-10
20250205002,6,Rinderrouladen,STAFF-04
20250205002,7,Rinderrouladen,STAFF-06
20250205002,8,Rinderrouladen,STAFF-06
20250205002,9,Rinderrouladen,STAFF-06
20250205003,1,Gudeg,STAFF-07
20250205003,2,Gudeg,STAFF-07
20250205004,1,Gudeg,STAFF-08
20250205005,1,Thunder Tea Rice,STAFF-11
20250205005,2,Thunder Tea Rice,STAFF-11
20250205005,3,Thunder Tea Rice,STAFF-12
20250205006,1,Palak Paneer,STAFF-03
20250205006,2,Palak Paneer,STAFF-03
20250205006,3,Palak Paneer,STAFF-03
20250205007,1,Palak Paneer,STAFF-06
20250205007,2,Palak Paneer,STAFF-06
20250205008,1,Ayam Balado,STAFF-09
20250205008,2,Ayam Balado,STAFF-09
20250205008,3,Ayam Balado,STAFF-09
20250205009,1,Rendang,STAFF-01
20250205009,2,Rendang,STAFF-01
20250205009,3,Rendang,STAFF-10
20250205010,1,Sauerbraten,STAFF-02
20250205011,1,Ayam Balado,STAFF-04
20250205011,2,Ayam Balado,STAFF-04
20250205011,3,Ayam Balado,STAFF-04
20250205012,1,Palak Paneer,STAFF-08
20250205012,2,Palak Paneer,STAFF-08
20250205012,3,Palak Paneer,STAFF-08
20250205012,4,Palak Paneer,STAFF-08
20250205013,1,Palak Paneer,STAFF-11
20250205014,1,Sauerbraten,STAFF-05
20250205014,2,Sauerbraten,STAFF-05
20250205015,1,Rinderrouladen,STAFF-07
20250205015,2,Rinderrouladen,STAFF-07
20250205015,3,Rinderrouladen,STAFF-07
20250205016,1,Palak Paneer,STAFF-12
20250205016,2,Palak Paneer,STAFF-12
20250205017,1,Ayam Balado,STAFF-09
20250205018,1,Sauerbraten,STAFF-01
20250206001,1,Rinderrouladen,STAFF-02
20250206002,1,Gudeg,STAFF-10
20250206003,1,Rinderrouladen,STAFF-04
20250206003,2,Rinderrouladen,STAFF-04
20250206003,3,Rinderrouladen,STAFF-04
20250206004,1,Palak Paneer,STAFF-03
20250206005,1,Sauerbraten,STAFF-05
20250206005,2,Sauerbraten,STAFF-05
20250206005,3,Sauerbraten,STAFF-05
20250206005,4,Sauerbraten,STAFF-05
20250206006,1,Sauerbraten,STAFF-06
20250206007,1,Sauerbraten,STAFF-07
20250206007,2,Sauerbraten,STAFF-07
20250206008,1,Palak Paneer,STAFF-08
20250206009,1,Thunder Tea Rice,STAFF-11
20250206010,1,Sauerbraten,STAFF-09
20250206010,2,Sauerbraten,STAFF-09
20250206010,3,Sauerbraten,STAFF-09
20250206010,4,Sauerbraten,STAFF-12
20250206010,5,Sauerbraten,STAFF-12
20250206011,1,Rendang,STAFF-10
20250206011,2,Rendang,STAFF-10
20250206011,3,Rendang,STAFF-10
20250207001,1,Rinderrouladen,STAFF-01
20250207001,2,Rinderrouladen,STAFF-01
20250207001,3,Rinderrouladen,STAFF-01
20250207002,1,Rinderrouladen,STAFF-02
20250207002,2,Rinderrouladen,STAFF-02
20250207002,3,Rinderrouladen,STAFF-02
20250207002,4,Rinderrouladen,STAFF-02
20250207003,1,Gudeg,STAFF-03
20250207004,1,Sauerbraten,STAFF-04
20250207004,2,Sauerbraten,STAFF-04
20250207005,1,Rinderrouladen,STAFF-05
20250207005,2,Rinderrouladen,STAFF-05
20250207006,1,Gudeg,STAFF-06
20250207007,1,Bun Cha,STAFF-07
20250207008,1,Rendang,STAFF-08
20250207009,1,Ayam Balado,STAFF-09
20250207009,2,Ayam Balado,STAFF-09
20250207009,3,Ayam Balado,STAFF-09
20250207009,4,Rendang,STAFF-10
20250207009,5,Rendang,STAFF-10
20250207010,1,Bun Cha,STAFF-03
20250207010,2,Bun Cha,STAFF-03
20250207010,3,Sauerbraten,STAFF-01
20250207010,4,Sauerbraten,STAFF-01
20250207010,5,Sauerbraten,STAFF-01
20250207010,6,Sauerbraten,STAFF-11
20250207010,7,Sauerbraten,STAFF-11
20250207010,8,Sauerbraten,STAFF-11
20250207010,9,Sauerbraten,STAFF-12
20250207011,1,Sauerbraten,STAFF-02
20250207011,2,Sauerbraten,STAFF-02
20250207012,1,Bun Cha,STAFF-05
20250208001,1,Gudeg,STAFF-04
20250208002,1,Rinderrouladen,STAFF-06
20250208003,1,Bun Cha,STAFF-07
20250208003,2,Bun Cha,STAFF-07
20250208003,3,Bun Cha,STAFF-07
20250208004,1,Gudeg,STAFF-08
20250208005,1,Gudeg,STAFF-09
20250208006,1,Gudeg,STAFF-10
20250208006,2,Gudeg,STAFF-10
20250208006,3,Gudeg,STAFF-10
20250208007,1,Gudeg,STAFF-11
20250208007,2,Gudeg,STAFF-11
20250208007,3,Gudeg,STAFF-11
20250208007,4,Gudeg,STAFF-11
20250208007,5,Gudeg,STAFF-12
20250208007,6,Gudeg,STAFF-12
20250208007,7,Gudeg,STAFF-12
20250209001,1,Sauerbraten,STAFF-01
20250209001,2,Sauerbraten,STAFF-01
20250209001,3,Sauerbraten,STAFF-01
20250209002,1,Rinderrouladen,STAFF-02
20250209002,2,Rinderrouladen,STAFF-02
20250209003,1,Gudeg,STAFF-03
20250209003,2,Gudeg,STAFF-03
20250209004,1,Rendang,STAFF-04
20250209005,1,Rendang,STAFF-06
20250209005,2,Rendang,STAFF-06
20250209005,3,Rendang,STAFF-06
20250209005,4,Sauerbraten,STAFF-05
20250209006,1,Ayam Balado,STAFF-07
20250209006,2,Sauerbraten,STAFF-09
20250209007,1,Bun Cha,STAFF-08
20250209007,2,Bun Cha,STAFF-08
20250209007,3,Bun Cha,STAFF-08
20250210001,1,Gudeg,STAFF-10
20250210002,1,Gudeg,STAFF-11
20250210002,2,Gudeg,STAFF-11
20250210003,1,Gudeg,STAFF-12
20250210003,2,Gudeg,STAFF-12
20250210004,1,Rinderrouladen,STAFF-01
20250210005,1,Gudeg,STAFF-03
20250210005,2,Gudeg,STAFF-03
20250210005,3,Gudeg,STAFF-03
20250210006,1,Sauerbraten,STAFF-02
20250210006,2,Sauerbraten,STAFF-02
20250210006,3,Sauerbraten,STAFF-02
20250210006,4,Sauerbraten,STAFF-02
20250210007,1,Rinderrouladen,STAFF-04
20250210008,1,Gudeg,STAFF-05
20250210009,1,Rendang,STAFF-06
20250210009,2,Rendang,STAFF-06
20250210010,1,Gudeg,STAFF-07
20250210010,2,Sauerbraten,STAFF-09
20250210010,3,Sauerbraten,STAFF-11
20250210010,4,Sauerbraten,STAFF-11
20250210011,1,Palak Paneer,STAFF-08
20250210012,1,Rinderrouladen,STAFF-12
20250210012,2,Rinderrouladen,STAFF-12
20250210012,3,Rinderrouladen,STAFF-12
20250210013,1,Rendang,STAFF-10
20250210013,2,Rendang,STAFF-10
20250210013,3,Rendang,STAFF-10
20250210014,1,Ayam Balado,STAFF-01
20250210014,2,Ayam Balado,STAFF-01
20250210014,3,Ayam Balado,STAFF-01
20250210015,1,Sauerbraten,STAFF-02
20250210016,1,Gudeg,STAFF-03
20250210016,2,Gudeg,STAFF-03
20250210016,3,Gudeg,STAFF-03
20250210016,4,Gudeg,STAFF-03
20250210017,1,Rinderrouladen,STAFF-04
20250210017,2,Rinderrouladen,STAFF-04
20250210017,3,Rinderrouladen,STAFF-04
20250210018,1,Rendang,STAFF-05
20250210018,2,Rendang,STAFF-05
20250210018,3,Rendang,STAFF-06
20250210018,4,Rendang,STAFF-06
20250210018,5,Rendang,STAFF-06
20250211001,1,Gudeg,STAFF-07
20250211002,1,Gudeg,STAFF-08
20250211002,2,Rinderrouladen,STAFF-09
20250211002,3,Sauerbraten,STAFF-11
20250211003,1,Ayam Balado,STAFF-10
20250211003,2,Ayam Balado,STAFF-10
20250211003,3,Ayam Balado,STAFF-10
20250211004,1,Rinderrouladen,STAFF-12
20250211005,1,Thunder Tea Rice,STAFF-02
20250211006,1,Rendang,STAFF-01
20250211006,2,Rendang,STAFF-01
20250211006,3,Rendang,STAFF-01
20250211006,4,Rinderrouladen,STAFF-04
20250211007,1,Rinderrouladen,STAFF-05
20250211008,1,Gudeg,STAFF-03
20250211009,1,Rinderrouladen,STAFF-06
20250211010,1,Rendang,STAFF-07
20250211010,2,Rendang,STAFF-07
20250211010,3,Sauerbraten,STAFF-09
20250211010,4,Sauerbraten,STAFF-09
20250212001,1,Palak Paneer,STAFF-08
20250212001,2,Palak Paneer,STAFF-08
20250212002,1,Gudeg,STAFF-10
20250212002,2,Sauerbraten,STAFF-11
20250212002,3,Sauerbraten,STAFF-11
20250212002,4,Sauerbraten,STAFF-11
20250212003,1,Rinderrouladen,STAFF-12
20250212004,1,Gudeg,STAFF-01
20250212004,2,Gudeg,STAFF-01
20250212005,1,Gudeg,STAFF-03
20250212006,1,Gudeg,STAFF-04
20250212006,2,Gudeg,STAFF-04
20250212006,3,Gudeg,STAFF-04
20250212007,1,Ayam Balado,STAFF-05
20250212007,2,Ayam Balado,STAFF-05
20250212007,3,Ayam Balado,STAFF-05
20250212008,1,Ayam Balado,STAFF-06
20250212008,2,Ayam Balado,STAFF-06
20250212008,3,Ayam Balado,STAFF-06
20250212008,4,Rendang,STAFF-07
20250212008,5,Rendang,STAFF-07
20250212008,6,Rendang,STAFF-07
20250212009,1,Ayam Balado,STAFF-08
20250212010,1,Gudeg,STAFF-09
20250212010,2,Gudeg,STAFF-09
20250212010,3,Gudeg,STAFF-09
20250212010,4,Gudeg,STAFF-10
20250212010,5,Gudeg,STAFF-10
20250212011,1,Palak Paneer,STAFF-11
20250212011,2,Palak Paneer,STAFF-11
20250212011,3,Palak Paneer,STAFF-11
20250212012,1,Gudeg,STAFF-12
20250212012,2,Gudeg,STAFF-12
20250212013,1,Rendang,STAFF-01
20250212014,1,Sauerbraten,STAFF-02
20250212014,2,Sauerbraten,STAFF-02
20250212015,1,Palak Paneer,STAFF-03
20250212015,2,Palak Paneer,STAFF-03
20250212015,3,Palak Paneer,STAFF-03
20250213001,1,Rinderrouladen,STAFF-02
20250213002,1,Gudeg,STAFF-04
20250213003,1,Thunder Tea Rice,STAFF-06
20250213003,2,Thunder Tea Rice,STAFF-06
20250213003,3,Thunder Tea Rice,STAFF-06
20250213004,1,Sauerbraten,STAFF-05
20250213004,2,Sauerbraten,STAFF-05
20250213005,1,Rinderrouladen,STAFF-07
20250213006,1,Rinderrouladen,STAFF-09
20250213007,1,Gudeg,STAFF-08
20250213007,2,Gudeg,STAFF-08
20250213007,3,Gudeg,STAFF-10
20250213007,4,Gudeg,STAFF-10
20250213007,5,Gudeg,STAFF-10
20250213007,6,Gudeg,STAFF-10
20250213008,1,Rinderrouladen,STAFF-11
20250213009,1,Rinderrouladen,STAFF-12
20250213010,1,Rendang,STAFF-01
20250213011,1,Palak Paneer,STAFF-03
20250213012,1,Rendang,STAFF-04
20250213012,2,Rendang,STAFF-04
20250213012,3,Rendang,STAFF-04
20250214001,1,Gudeg,STAFF-05
20250214001,2,Gudeg,STAFF-05
20250214002,1,Ayam Balado,STAFF-06
20250214002,2,Ayam Balado,STAFF-06
20250214003,1,Gudeg,STAFF-07
20250214003,2,Gudeg,STAFF-07
20250214003,3,Thunder Tea Rice,STAFF-02
20250214004,1,Rinderrouladen,STAFF-09
20250214004,2,Rinderrouladen,STAFF-09
20250214004,3,Rinderrouladen,STAFF-09
20250214005,1,Palak Paneer,STAFF-08
20250214005,2,Palak Paneer,STAFF-08
20250214006,1,Palak Paneer,STAFF-11
20250214006,2,Palak Paneer,STAFF-11
20250214006,3,Rendang,STAFF-10
20250214007,1,Ayam Balado,STAFF-12
20250214007,2,Ayam Balado,STAFF-12
20250214007,3,Ayam Balado,STAFF-12
20250214007,4,Palak Paneer,STAFF-03
20250214008,1,Gudeg,STAFF-01
20250214008,2,Gudeg,STAFF-01
20250214008,3,Gudeg,STAFF-01
20250214008,4,Sauerbraten,STAFF-02
20250214008,5,Sauerbraten,STAFF-02
20250214008,6,Sauerbraten,STAFF-02
20250214008,7,Sauerbraten,STAFF-02
20250214009,1,Thunder Tea Rice,STAFF-06
20250214010,1,Rinderrouladen,STAFF-04
20250214011,1,Gudeg,STAFF-05
20250215001,1,Palak Paneer,STAFF-08
20250215002,1,Gudeg,STAFF-07
20250215002,2,Gudeg,STAFF-07
20250215002,3,Palak Paneer,STAFF-11
20250215002,4,Palak Paneer,STAFF-11
20250215003,1,Rinderrouladen,STAFF-09
20250215004,1,Rinderrouladen,STAFF-12
20250215005,1,Palak Paneer,STAFF-03
20250215006,1,Gudeg,STAFF-10
20250215007,1,Ayam Balado,STAFF-01
20250215007,2,Ayam Balado,STAFF-01
20250215007,3,Ayam Balado,STAFF-04
20250215007,4,Ayam Balado,STAFF-04
20250215007,5,Ayam Balado,STAFF-04
20250215007,6,Ayam Balado,STAFF-04
20250216001,1,Gudeg,STAFF-05
20250216002,1,Gudeg,STAFF-06
20250216002,2,Rinderrouladen,STAFF-02
20250216002,3,Rinderrouladen,STAFF-02
20250216003,1,Ayam Balado,STAFF-07
20250216003,2,Ayam Balado,STAFF-07
20250216004,1,Gudeg,STAFF-08
20250216005,1,Ayam Balado,STAFF-09
20250216005,2,Rendang,STAFF-10
20250216005,3,Rendang,STAFF-10
20250216005,4,Rendang,STAFF-10
20250216006,1,Ayam Balado,STAFF-11
20250216006,2,Ayam Balado,STAFF-11
20250216006,3,Ayam Balado,STAFF-11
20250216006,4,Ayam Balado,STAFF-11
20250216006,5,Rinderrouladen,STAFF-12
20250216006,6,Rinderrouladen,STAFF-12
20250216006,7,Rinderrouladen,STAFF-12
20250216007,1,Rinderrouladen,STAFF-01
20250217001,1,Palak Paneer,STAFF-03
20250217001,2,Palak Paneer,STAFF-03
20250217002,1,Gudeg,STAFF-04
20250217003,1,Gudeg,STAFF-05
20250217003,2,Gudeg,STAFF-05
20250217004,1,Rinderrouladen,STAFF-02
20250217004,2,Rinderrouladen,STAFF-02
20250217005,1,Ayam Balado,STAFF-06
20250217006,1,Rinderrouladen,STAFF-07
20250217007,1,Gudeg,STAFF-08
20250217007,2,Gudeg,STAFF-08
20250217008,1,Rinderrouladen,STAFF-09
20250217008,2,Rinderrouladen,STAFF-09
20250217009,1,Thunder Tea Rice,STAFF-11
20250217009,2,Thunder Tea Rice,STAFF-11
20250217009,3,Thunder Tea Rice,STAFF-11
20250217010,1,Palak Paneer,STAFF-12
20250217011,1,Rendang,STAFF-10
20250217012,1,Rinderrouladen,STAFF-01
20250217013,1,Rendang,STAFF-03
20250217013,2,Rendang,STAFF-03
20250217013,3,Rendang,STAFF-03
20250217014,1,Thunder Tea Rice,STAFF-02
20250217014,2,Thunder Tea Rice,STAFF-02
20250217015,1,Gudeg,STAFF-04
20250217016,1,Rinderrouladen,STAFF-05
20250217017,1,Gudeg,STAFF-06
20250217017,2,Gudeg,STAFF-06
20250217018,1,Gudeg,STAFF-07
20250217018,2,Gudeg,STAFF-07
20250217018,3,Gudeg,STAFF-07
20250217018,4,Gudeg,STAFF-07
20250217018,5,Gudeg,STAFF-08
20250217019,1,Rendang,STAFF-09
20250218001,1,Gudeg,STAFF-10
20250218001,2,Gudeg,STAFF-10
20250218001,3,Gudeg,STAFF-11
20250218002,1,Gudeg,STAFF-12
20250218003,1,Gudeg,STAFF-01
20250218004,1,Rinderrouladen,STAFF-02
20250218005,1,Rinderrouladen,STAFF-04
20250218005,2,Rinderrouladen,STAFF-04
20250218006,1,Sauerbraten,STAFF-05
20250218006,2,Sauerbraten,STAFF-05
20250218006,3,Sauerbraten,STAFF-05
20250218007,1,Gudeg,STAFF-03
20250218007,2,Gudeg,STAFF-03
20250218008,1,Rinderrouladen,STAFF-06
20250218009,1,Ayam Balado,STAFF-07
20250218010,1,Rinderrouladen,STAFF-09
20250218010,2,Rinderrouladen,STAFF-09
20250218010,3,Sauerbraten,STAFF-11
20250218010,4,Sauerbraten,STAFF-12
20250218010,5,Thunder Tea Rice,STAFF-08
20250218011,1,Sauerbraten,STAFF-01
20250218011,2,Sauerbraten,STAFF-01
20250218012,1,Sauerbraten,STAFF-02
20250218013,1,Ayam Balado,STAFF-10
20250218013,2,Ayam Balado,STAFF-10
20250218013,3,Ayam Balado,STAFF-10
20250218014,1,Rinderrouladen,STAFF-04
20250219001,1,Palak Paneer,STAFF-03
20250219001,2,Palak Paneer,STAFF-03
20250219002,1,Gudeg,STAFF-05
20250219003,1,Gudeg,STAFF-06
20250219003,2,Gudeg,STAFF-06
20250219004,1,Palak Paneer,STAFF-08
20250219005,1,Gudeg,STAFF-07
20250219005,2,Gudeg,STAFF-07
20250219006,1,Ayam Balado,STAFF-09
20250219006,2,Ayam Balado,STAFF-09
20250219006,3,Ayam Balado,STAFF-09
20250219007,1,Rinderrouladen,STAFF-11
20250219008,1,Gudeg,STAFF-10
20250219008,2,Gudeg,STAFF-10
20250219008,3,Sauerbraten,STAFF-12
20250219009,1,Gudeg,STAFF-01
20250219009,2,Gudeg,STAFF-01
20250219010,1,Palak Paneer,STAFF-03
20250219010,2,Palak Paneer,STAFF-03
20250219010,3,Palak Paneer,STAFF-03
20250219011,1,Gudeg,STAFF-04
20250219011,2,Gudeg,STAFF-04
20250219011,3,Gudeg,STAFF-04
20250219012,1,Palak Paneer,STAFF-06
20250219012,2,Palak Paneer,STAFF-06
20250219012,3,Palak Paneer,STAFF-06
20250219013,1,Rinderrouladen,STAFF-02
20250219014,1,Palak Paneer,STAFF-08
20250219014,2,Palak Paneer,STAFF-08
20250219014,3,Palak Paneer,STAFF-08
20250219014,4,Palak Paneer,STAFF-08
20250219015,1,Rendang,STAFF-05
20250219015,2,Rendang,STAFF-05
20250219016,1,Ayam Balado,STAFF-09
20250219016,2,Sauerbraten,STAFF-07
20250219016,3,Sauerbraten,STAFF-07
20250219017,1,Rendang,STAFF-10
20250219018,1,Sauerbraten,STAFF-11
20250219018,2,Sauerbraten,STAFF-11
20250220001,1,Palak Paneer,STAFF-12
20250220001,2,Palak Paneer,STAFF-12
20250220001,3,Palak Paneer,STAFF-12
20250220002,1,Gudeg,STAFF-01
20250220003,1,Gudeg,STAFF-04
20250220003,2,Gudeg,STAFF-04
20250220003,3,Gudeg,STAFF-04
20250220003,4,Palak Paneer,STAFF-03
20250220003,5,Palak Paneer,STAFF-03
20250220004,1,Gudeg,STAFF-05
20250220004,2,Gudeg,STAFF-05
20250220004,3,Gudeg,STAFF-05
20250220005,1,Gudeg,STAFF-06
20250220005,2,Gudeg,STAFF-06
20250220005,3,Gudeg,STAFF-06
20250220006,1,Rinderrouladen,STAFF-02
20250220006,2,Rinderrouladen,STAFF-02
20250220007,1,Rendang,STAFF-07
20250220007,2,Rendang,STAFF-07
20250220007,3,Rendang,STAFF-07
20250220008,1,Gudeg,STAFF-08
20250220008,2,Gudeg,STAFF-08
20250220008,3,Gudeg,STAFF-08
20250220008,4,Gudeg,STAFF-08
20250220008,5,Gudeg,STAFF-09
20250220008,6,Gudeg,STAFF-09
20250220008,7,Gudeg,STAFF-09
20250220008,8,Gudeg,STAFF-09
20250220009,1,Thunder Tea Rice,STAFF-11
20250220010,1,Palak Paneer,STAFF-12
20250220011,1,Ayam Balado,STAFF-10
20250220011,2,Palak Paneer,STAFF-03
20250220011,3,Palak Paneer,STAFF-03
20250220012,1,Gudeg,STAFF-01
20250220013,1,Gudeg,STAFF-04
20250220013,2,Gudeg,STAFF-04
20250220014,1,Ayam Balado,STAFF-05
20250220015,1,Sauerbraten,STAFF-02
20250220015,2,Sauerbraten,STAFF-02
20250220015,3,Sauerbraten,STAFF-02
20250220015,4,Sauerbraten,STAFF-02
20250220016,1,Rendang,STAFF-06
20250220016,2,Rendang,STAFF-06
20250221001,1,Gudeg,STAFF-07
20250221002,1,Rendang,STAFF-08
20250221002,2,Rendang,STAFF-08
20250221003,1,Palak Paneer,STAFF-11
20250221003,2,Palak Paneer,STAFF-11
20250221003,3,Palak Paneer,STAFF-11
20250221004,1,Thunder Tea Rice,STAFF-12
20250221004,2,Thunder Tea Rice,STAFF-12
20250221005,1,Gudeg,STAFF-09
20250221005,2,Gudeg,STAFF-09
20250221005,3,Gudeg,STAFF-09
20250221006,1,Rinderrouladen,STAFF-01
20250221007,1,Gudeg,STAFF-10
20250221008,1,Gudeg,STAFF-03
20250221008,2,Gudeg,STAFF-03
20250221008,3,Gudeg,STAFF-03
20250221008,4,Gudeg,STAFF-03
20250221009,1,Gudeg,STAFF-04
20250221009,2,Gudeg,STAFF-05
20250221009,3,Gudeg,STAFF-05
20250221010,1,Gudeg,STAFF-06
20250221010,2,Gudeg,STAFF-06
20250221010,3,Gudeg,STAFF-07
20250221011,1,Palak Paneer,STAFF-08
20250221011,2,Palak Paneer,STAFF-08
20250221011,3,Palak Paneer,STAFF-08
20250221012,1,Gudeg,STAFF-09
20250221012,2,Gudeg,STAFF-10
20250221013,1,Gudeg,STAFF-11
20250221013,2,Gudeg,STAFF-11
20250221014,1,Sauerbraten,STAFF-02
20250221015,1,Rendang,STAFF-12
20250221015,2,Rendang,STAFF-12
20250221015,3,Rendang,STAFF-12
20250221016,1,Ayam Balado,STAFF-01
20250221016,2,Ayam Balado,STAFF-01
20250221016,3,Rendang,STAFF-03
20250221017,1,Sauerbraten,STAFF-02
20250221017,2,Sauerbraten,STAFF-02
20250221017,3,Sauerbraten,STAFF-02
20250221017,4,Sauerbraten,STAFF-04
20250221018,1,Palak Paneer,STAFF-06
20250221018,2,Palak Paneer,STAFF-06
20250222001,1,Ayam Balado,STAFF-05
20250222002,1,Gudeg,STAFF-07
20250222002,2,Gudeg,STAFF-07
20250222003,1,Gudeg,STAFF-08
20250222004,1,Thunder Tea Rice,STAFF-11
20250222004,2,Thunder Tea Rice,STAFF-11
20250222005,1,Rinderrouladen,STAFF-09
20250222005,2,Rinderrouladen,STAFF-09
20250223001,1,Rinderrouladen,STAFF-12
20250223001,2,Rinderrouladen,STAFF-12
20250223002,1,Rinderrouladen,STAFF-01
20250223002,2,Rinderrouladen,STAFF-02
20250223003,1,Palak Paneer,STAFF-03
20250223003,2,Palak Paneer,STAFF-03
20250223004,1,Sauerbraten,STAFF-04
20250223005,1,Gudeg,STAFF-10
20250223005,2,Gudeg,STAFF-10
20250223005,3,Gudeg,STAFF-10
20250224001,1,Rinderrouladen,STAFF-05
20250224002,1,Rendang,STAFF-06
20250224002,2,Rendang,STAFF-06
20250224003,1,Gudeg,STAFF-07
20250224003,2,Gudeg,STAFF-07
20250224003,3,Gudeg,STAFF-07
20250224004,1,Rinderrouladen,STAFF-09
20250224004,2,Rinderrouladen,STAFF-09
20250224004,3,Rinderrouladen,STAFF-11
20250224005,1,Sauerbraten,STAFF-12
20250224006,1,Rendang,STAFF-08
20250224006,2,Sauerbraten,STAFF-01
20250224006,3,Sauerbraten,STAFF-01
20250224006,4,Sauerbraten,STAFF-01
20250224007,1,Rinderrouladen,STAFF-02
20250224007,2,Rinderrouladen,STAFF-02
20250224008,1,Sauerbraten,STAFF-04
20250224009,1,Palak Paneer,STAFF-03
20250224009,2,Palak Paneer,STAFF-03
20250224010,1,Rendang,STAFF-10
20250224011,1,Gudeg,STAFF-05
20250224011,2,Gudeg,STAFF-05
20250224011,3,Gudeg,STAFF-06
20250224012,1,Rinderrouladen,STAFF-07
20250224012,2,Rinderrouladen,STAFF-07
20250224013,1,Rinderrouladen,STAFF-09
20250224013,2,Rinderrouladen,STAFF-09
20250224013,3,Rinderrouladen,STAFF-09
20250224013,4,Rinderrouladen,STAFF-09
20250224014,1,Rendang,STAFF-08
20250224015,1,Rinderrouladen,STAFF-11
20250224015,2,Rinderrouladen,STAFF-11
20250224015,3,Rinderrouladen,STAFF-11
20250224016,1,Ayam Balado,STAFF-10
20250224016,2,Ayam Balado,STAFF-10
20250224016,3,Rendang,STAFF-12
20250224016,4,Rendang,STAFF-12
20250224017,1,Sauerbraten,STAFF-01
20250224018,1,Sauerbraten,STAFF-02
20250224018,2,Sauerbraten,STAFF-02
20250225001,1,Rinderrouladen,STAFF-04
20250225002,1,Gudeg,STAFF-03
20250225002,2,Rinderrouladen,STAFF-05
20250225002,3,Rinderrouladen,STAFF-05
20250225002,4,Rinderrouladen,STAFF-05
20250225003,1,Thunder Tea Rice,STAFF-06
20250225003,2,Thunder Tea Rice,STAFF-06
20250225004,1,Gudeg,STAFF-07
20250225004,2,Gudeg,STAFF-08
20250225004,3,Gudeg,STAFF-08
20250225004,4,Gudeg,STAFF-08
20250225005,1,Palak Paneer,STAFF-11
20250225005,2,Palak Paneer,STAFF-11
20250225005,3,Palak Paneer,STAFF-11
20250225006,1,Palak Paneer,STAFF-12
20250225006,2,Palak Paneer,STAFF-12
20250225007,1,Gudeg,STAFF-09
20250225007,2,Gudeg,STAFF-10
20250225007,3,Gudeg,STAFF-10
20250225007,4,Gudeg,STAFF-10
20250225008,1,Sauerbraten,STAFF-01
20250225009,1,Palak Paneer,STAFF-03
20250225009,2,Palak Paneer,STAFF-03
20250225009,3,Palak Paneer,STAFF-03
20250226001,1,Gudeg,STAFF-04
20250226002,1,Rinderrouladen,STAFF-02
20250226002,2,Rinderrouladen,STAFF-05
20250226003,1,Ayam Balado,STAFF-06
20250226003,2,Ayam Balado,STAFF-06
20250226004,1,Sauerbraten,STAFF-07
20250226005,1,Rendang,STAFF-08
20250226005,2,Rendang,STAFF-08
20250226005,3,Rendang,STAFF-08
20250226005,4,Rendang,STAFF-08
20250226006,1,Gudeg,STAFF-09
20250226006,2,Gudeg,STAFF-09
20250226006,3,Gudeg,STAFF-09
20250226006,4,Gudeg,STAFF-09
20250226007,1,Gudeg,STAFF-10
20250226008,1,Bun Cha,STAFF-11
20250226009,1,Ayam Balado,STAFF-12
20250226009,2,Ayam Balado,STAFF-12
20250226009,3,Ayam Balado,STAFF-12
20250226009,4,Gudeg,STAFF-01
20250226010,1,Gudeg,STAFF-03
20250226011,1,Rendang,STAFF-04
20250226011,2,Rendang,STAFF-04
20250226012,1,Ayam Balado,STAFF-05
20250226012,2,Rendang,STAFF-06
20250226012,3,Rendang,STAFF-06
20250226013,1,Rinderrouladen,STAFF-02
20250226013,2,Rinderrouladen,STAFF-02
20250226013,3,Rinderrouladen,STAFF-02
20250226013,4,Rinderrouladen,STAFF-02
20250226014,1,Palak Paneer,STAFF-08
20250226014,2,Palak Paneer,STAFF-08
20250226014,3,Rendang,STAFF-07
20250226014,4,Rendang,STAFF-07
20250226014,5,Rendang,STAFF-07
20250227001,1,Palak Paneer,STAFF-11
20250227002,1,Palak Paneer,STAFF-12
20250227003,1,Thunder Tea Rice,STAFF-02
20250227003,2,Thunder Tea Rice,STAFF-02
20250227004,1,Sauerbraten,STAFF-09
20250227005,1,Sauerbraten,STAFF-01
20250227005,2,Sauerbraten,STAFF-01
20250227005,3,Sauerbraten,STAFF-01
20250227005,4,Sauerbraten,STAFF-01
20250227006,1,Rinderrouladen,STAFF-04
20250227006,2,Rinderrouladen,STAFF-04
20250227007,1,Gudeg,STAFF-10
20250227008,1,Rendang,STAFF-03
20250227009,1,Gudeg,STAFF-05
20250227009,2,Gudeg,STAFF-05
20250227009,3,Gudeg,STAFF-05
20250227009,4,Gudeg,STAFF-06
20250227010,1,Gudeg,STAFF-07
20250227011,1,Gudeg,STAFF-08
20250227011,2,Gudeg,STAFF-08
20250227011,3,Gudeg,STAFF-08
20250227012,1,Rendang,STAFF-09
20250227012,2,Rendang,STAFF-09
20250227012,3,Rendang,STAFF-09
20250227012,4,Rendang,STAFF-09
20250227013,1,Rendang,STAFF-10
20250227013,2,Rendang,STAFF-10
20250227013,3,Rendang,STAFF-10
20250227014,1,Palak Paneer,STAFF-11
20250227014,2,Palak Paneer,STAFF-11
20250227015,1,Sauerbraten,STAFF-01
20250227015,2,Sauerbraten,STAFF-01
20250227015,3,Sauerbraten,STAFF-01
20250227015,4,Sauerbraten,STAFF-12
20250227015,5,Sauerbraten,STAFF-12
20250227015,6,Sauerbraten,STAFF-12
20250227016,1,Rendang,STAFF-03
20250227016,2,Rendang,STAFF-03
20250227016,3,Rendang,STAFF-03
20250227016,4,Rendang,STAFF-03
20250227017,1,Palak Paneer,STAFF-06
20250227017,2,Palak Paneer,STAFF-06
20250227017,3,Palak Paneer,STAFF-06
20250227017,4,Palak Paneer,STAFF-06
20250228001,1,Rinderrouladen,STAFF-02
20250228001,2,Rinderrouladen,STAFF-04
20250228001,3,Rinderrouladen,STAFF-04
20250228002,1,Palak Paneer,STAFF-08
20250228002,2,Palak Paneer,STAFF-08
20250228003,1,Thunder Tea Rice,STAFF-07
20250228004,1,Rinderrouladen,STAFF-05
20250228005,1,Gudeg,STAFF-09
20250228005,2,Gudeg,STAFF-09
20250228005,3,Gudeg,STAFF-10
20250228006,1,Gudeg,STAFF-11
20250228007,1,Rendang,STAFF-12
20250228008,1,Gudeg,STAFF-01
20250228008,2,Gudeg,STAFF-01
20250228008,3,Gudeg,STAFF-01
20250228009,1,Sauerbraten,STAFF-02
20250228010,1,Gudeg,STAFF-03
20250228010,2,Gudeg,STAFF-03
20250228011,1,Rendang,STAFF-04
20250228012,1,Rinderrouladen,STAFF-05
20250228013,1,Gudeg,STAFF-06
20250228014,1,Gudeg,STAFF-07
20250228014,2,Gudeg,STAFF-07
20250228014,3,Gudeg,STAFF-07
20250228015,1,Rendang,STAFF-08
20250301001,1,Palak Paneer,STAFF-11
20250301001,2,Palak Paneer,STAFF-11
20250301002,1,Gudeg,STAFF-09
20250301003,1,Gudeg,STAFF-10
20250301004,1,Rendang,STAFF-12
20250301005,1,Gudeg,STAFF-01
20250301006,1,Rinderrouladen,STAFF-02
20250301006,2,Rinderrouladen,STAFF-02
20250301007,1,Palak Paneer,STAFF-03
20250301008,1,Gudeg,STAFF-04
20250302001,1,Sauerbraten,STAFF-05
20250302002,1,Rendang,STAFF-06
20250302003,1,Rinderrouladen,STAFF-07
20250302004,1,Gudeg,STAFF-08
20250302004,2,Gudeg,STAFF-08
20250302004,3,Gudeg,STAFF-08
20250302004,4,Rinderrouladen,STAFF-09
20250302004,5,Rinderrouladen,STAFF-09
20250302005,1,Gudeg,STAFF-10
20250302005,2,Gudeg,STAFF-10
20250303001,1,Palak Paneer,STAFF-11
20250303001,2,Palak Paneer,STAFF-11
20250303002,1,Rendang,STAFF-01
20250303002,2,Rendang,STAFF-01
20250303002,3,Sauerbraten,STAFF-12
20250303002,4,Sauerbraten,STAFF-12
20250303003,1,Ayam Balado,STAFF-03
20250303003,2,Ayam Balado,STAFF-03
20250303003,3,Ayam Balado,STAFF-03
20250303003,4,Ayam Balado,STAFF-03
20250303004,1,Ayam Balado,STAFF-04
20250303004,2,Ayam Balado,STAFF-04
20250303005,1,Palak Paneer,STAFF-06
20250303005,2,Palak Paneer,STAFF-06
20250303005,3,Palak Paneer,STAFF-06
20250303005,4,Palak Paneer,STAFF-06
20250303006,1,Rendang,STAFF-05
20250303006,2,Rendang,STAFF-05
20250303007,1,Gudeg,STAFF-07
20250303007,2,Gudeg,STAFF-07
20250303008,1,Sauerbraten,STAFF-02
20250303009,1,Rendang,STAFF-08
20250303009,2,Rendang,STAFF-08
20250303010,1,Rendang,STAFF-09
20250303010,2,Rendang,STAFF-09
20250303011,1,Palak Paneer,STAFF-11
20250303011,2,Palak Paneer,STAFF-11
20250303011,3,Palak Paneer,STAFF-11
20250303011,4,Palak Paneer,STAFF-12
20250303012,1,Gudeg,STAFF-10
20250303012,2,Gudeg,STAFF-10
20250303012,3,Gudeg,STAFF-10
20250303013,1,Rinderrouladen,STAFF-01
20250303014,1,Ayam Balado,STAFF-04
20250303014,2,Ayam Balado,STAFF-04
20250303014,3,Ayam Balado,STAFF-04
20250303014,4,Ayam Balado,STAFF-04
20250303014,5,Gudeg,STAFF-03
20250303014,6,Gudeg,STAFF-03
20250303014,7,Gudeg,STAFF-03
20250303014,8,Gudeg,STAFF-05
20250303015,1,Ayam Balado,STAFF-06
20250303015,2,Ayam Balado,STAFF-06
20250303015,3,Ayam Balado,STAFF-07
20250303015,4,Ayam Balado,STAFF-07
20250303016,1,Rinderrouladen,STAFF-02
20250303017,1,Rendang,STAFF-08
20250303017,2,Rendang,STAFF-08
20250303017,3,Rendang,STAFF-08
20250303017,4,Rendang,STAFF-08
20250304001,1,Palak Paneer,STAFF-11
20250304001,2,Palak Paneer,STAFF-11
20250304002,1,Gudeg,STAFF-09
20250304003,1,Rinderrouladen,STAFF-12
20250304003,2,Rinderrouladen,STAFF-12
20250304004,1,Gudeg,STAFF-01
20250304004,2,Gudeg,STAFF-01
20250304004,3,Gudeg,STAFF-10
20250304005,1,Gudeg,STAFF-03
20250304005,2,Gudeg,STAFF-03
20250304005,3,Gudeg,STAFF-03
20250304006,1,Rinderrouladen,STAFF-02
20250304006,2,Rinderrouladen,STAFF-02
20250304006,3,Rinderrouladen,STAFF-02
20250304007,1,Gudeg,STAFF-04
20250304008,1,Gudeg,STAFF-05
20250304008,2,Gudeg,STAFF-06
20250304009,1,Gudeg,STAFF-07
20250304009,2,Gudeg,STAFF-07
20250304010,1,Sauerbraten,STAFF-09
20250304011,1,Gudeg,STAFF-08
20250304011,2,Gudeg,STAFF-08
20250304012,1,Sauerbraten,STAFF-11
20250304012,2,Sauerbraten,STAFF-11
20250304012,3,Sauerbraten,STAFF-11
20250304013,1,Rendang,STAFF-10
20250304013,2,Rendang,STAFF-10
20250304013,3,Rendang,STAFF-10
20250304014,1,Rendang,STAFF-12
20250305001,1,Rinderrouladen,STAFF-01
20250305001,2,Rinderrouladen,STAFF-01
20250305001,3,Rinderrouladen,STAFF-01
20250305001,4,Rinderrouladen,STAFF-01
20250305002,1,Gudeg,STAFF-03
20250305003,1,Gudeg,STAFF-04
20250305003,2,Gudeg,STAFF-05
20250305003,3,Gudeg,STAFF-05
20250305004,1,Palak Paneer,STAFF-06
20250305005,1,Rinderrouladen,STAFF-02
20250305005,2,Rinderrouladen,STAFF-02
20250305005,3,Rinderrouladen,STAFF-02
20250305006,1,Palak Paneer,STAFF-08
20250305006,2,Palak Paneer,STAFF-08
20250305007,1,Sauerbraten,STAFF-07
20250305008,1,Gudeg,STAFF-09
20250305008,2,Gudeg,STAFF-09
20250305009,1,Gudeg,STAFF-10
20250305009,2,Gudeg,STAFF-10
20250305010,1,Gudeg,STAFF-11
20250305010,2,Gudeg,STAFF-11
20250305010,3,Gudeg,STAFF-11
20250305011,1,Rendang,STAFF-12
20250305012,1,Rendang,STAFF-01
20250305012,2,Rendang,STAFF-01
20250305012,3,Rendang,STAFF-01
20250305012,4,Rendang,STAFF-01
20250305013,1,Ayam Balado,STAFF-03
20250305014,1,Rinderrouladen,STAFF-02
20250305014,2,Rinderrouladen,STAFF-02
20250305015,1,Thunder Tea Rice,STAFF-06
20250305016,1,Rendang,STAFF-04
20250305016,2,Rendang,STAFF-04
20250305017,1,Palak Paneer,STAFF-08
20250305017,2,Palak Paneer,STAFF-08
20250305017,3,Palak Paneer,STAFF-08
20250305018,1,Sauerbraten,STAFF-05
20250305018,2,Sauerbraten,STAFF-05
20250306001,1,Ayam Balado,STAFF-07
20250306001,2,Ayam Balado,STAFF-07
20250306002,1,Rinderrouladen,STAFF-09
20250306002,2,Rinderrouladen,STAFF-09
20250306002,3,Rinderrouladen,STAFF-09
20250306002,4,Thunder Tea Rice,STAFF-11
20250306002,5,Thunder Tea Rice,STAFF-11
20250306002,6,Thunder Tea Rice,STAFF-11
20250306003,1,Gudeg,STAFF-10
20250306003,2,Gudeg,STAFF-10
20250306003,3,Gudeg,STAFF-10
20250306003,4,Gudeg,STAFF-12
20250306003,5,Gudeg,STAFF-12
20250306004,1,Gudeg,STAFF-01
20250306004,2,Gudeg,STAFF-01
20250306004,3,Gudeg,STAFF-01
20250306005,1,Palak Paneer,STAFF-03
20250306005,2,Palak Paneer,STAFF-03
20250306006,1,Rendang,STAFF-04
20250306006,2,Rendang,STAFF-04
20250306007,1,Rinderrouladen,STAFF-02
20250306007,2,Rinderrouladen,STAFF-02
20250306007,3,Rinderrouladen,STAFF-02
20250306008,1,Sauerbraten,STAFF-05
20250306009,1,Palak Paneer,STAFF-06
20250306009,2,Palak Paneer,STAFF-06
20250306009,3,Palak Paneer,STAFF-06
20250306009,4,Palak Paneer,STAFF-06
20250306010,1,Rinderrouladen,STAFF-07
20250307001,1,Palak Paneer,STAFF-08
20250307002,1,Gudeg,STAFF-09
20250307002,2,Gudeg,STAFF-09
20250307002,3,Gudeg,STAFF-09
20250307002,4,Gudeg,STAFF-10
20250307003,1,Gudeg,STAFF-11
20250307004,1,Ayam Balado,STAFF-12
20250307004,2,Ayam Balado,STAFF-12
20250307004,3,Ayam Balado,STAFF-12
20250307005,1,Rinderrouladen,STAFF-01
20250307005,2,Rinderrouladen,STAFF-02
20250307006,1,Sauerbraten,STAFF-04
20250307006,2,Sauerbraten,STAFF-04
20250307007,1,Sauerbraten,STAFF-05
20250307008,1,Rinderrouladen,STAFF-06
20250307009,1,Ayam Balado,STAFF-03
20250307010,1,Gudeg,STAFF-07
20250307011,1,Palak Paneer,STAFF-08
20250307012,1,Rendang,STAFF-09
20250307013,1,Rendang,STAFF-10
20250307013,2,Rendang,STAFF-10
20250307013,3,Rendang,STAFF-10
20250307014,1,Rendang,STAFF-11
20250307014,2,Rendang,STAFF-11
20250307015,1,Ayam Balado,STAFF-12
20250307015,2,Ayam Balado,STAFF-12
20250307015,3,Ayam Balado,STAFF-12
20250308001,1,Rinderrouladen,STAFF-01
20250308002,1,Rinderrouladen,STAFF-02
20250308002,2,Rinderrouladen,STAFF-02
20250308002,3,Rinderrouladen,STAFF-02
20250308002,4,Rinderrouladen,STAFF-02
20250308003,1,Gudeg,STAFF-03
20250308003,2,Gudeg,STAFF-03
20250308003,3,Gudeg,STAFF-03
20250308004,1,Gudeg,STAFF-04
20250308004,2,Gudeg,STAFF-05
20250308004,3,Gudeg,STAFF-05
20250308004,4,Gudeg,STAFF-05
20250308005,1,Rinderrouladen,STAFF-06
20250308006,1,Gudeg,STAFF-07
20250308006,2,Gudeg,STAFF-07
20250308006,3,Gudeg,STAFF-07
20250308007,1,Palak Paneer,STAFF-08
20250308007,2,Palak Paneer,STAFF-08
20250309001,1,Thunder Tea Rice,STAFF-11
20250309001,2,Thunder Tea Rice,STAFF-11
20250309002,1,Rinderrouladen,STAFF-09
20250309003,1,Palak Paneer,STAFF-12
20250309004,1,Gudeg,STAFF-10
20250309005,1,Palak Paneer,STAFF-03
20250309006,1,Gudeg,STAFF-01
20250309006,2,Gudeg,STAFF-01
20250309007,1,Rinderrouladen,STAFF-02
20250309007,2,Rinderrouladen,STAFF-02
20250309008,1,Sauerbraten,STAFF-04
20250309008,2,Sauerbraten,STAFF-04
20250309008,3,Sauerbraten,STAFF-04
20250310001,1,Gudeg,STAFF-05
20250310001,2,Rendang,STAFF-06
20250310002,1,Rinderrouladen,STAFF-07
20250310003,1,Ayam Balado,STAFF-08
20250310004,1,Sauerbraten,STAFF-09
20250310005,1,Ayam Balado,STAFF-10
20250310005,2,Ayam Balado,STAFF-10
20250310006,1,Gudeg,STAFF-11
20250310006,2,Gudeg,STAFF-11
20250310007,1,Gudeg,STAFF-12
20250310008,1,Ayam Balado,STAFF-01
20250310008,2,Ayam Balado,STAFF-01
20250310008,3,Ayam Balado,STAFF-01
20250310009,1,Rendang,STAFF-03
20250310009,2,Rendang,STAFF-04
20250310010,1,Palak Paneer,STAFF-06
20250310010,2,Palak Paneer,STAFF-06
20250310010,3,Palak Paneer,STAFF-06
20250310010,4,Rinderrouladen,STAFF-02
20250310011,1,Gudeg,STAFF-05
20250310011,2,Gudeg,STAFF-05
20250310012,1,Rendang,STAFF-07
20250310012,2,Rendang,STAFF-08
20250310012,3,Rendang,STAFF-08
20250310012,4,Rendang,STAFF-08
20250310013,1,Rinderrouladen,STAFF-09
20250311001,1,Gudeg,STAFF-10
20250311001,2,Gudeg,STAFF-10
20250311002,1,Palak Paneer,STAFF-11
20250311003,1,Rendang,STAFF-12
20250311004,1,Gudeg,STAFF-01
20250311004,2,Gudeg,STAFF-01
20250311004,3,Gudeg,STAFF-01
20250311004,4,Gudeg,STAFF-03
20250311005,1,Gudeg,STAFF-04
20250311005,2,Gudeg,STAFF-04
20250311006,1,Ayam Balado,STAFF-05
20250311006,2,Sauerbraten,STAFF-02
20250311007,1,Ayam Balado,STAFF-06
20250311007,2,Ayam Balado,STAFF-06
20250311008,1,Palak Paneer,STAFF-08
20250311009,1,Rinderrouladen,STAFF-07
20250311009,2,Rinderrouladen,STAFF-07
20250311009,3,Rinderrouladen,STAFF-07
20250311010,1,Rendang,STAFF-09
20250311010,2,Rendang,STAFF-09
20250311010,3,Rendang,STAFF-09
20250311011,1,Sauerbraten,STAFF-11
20250311011,2,Sauerbraten,STAFF-11
20250312001,1,Sauerbraten,STAFF-12
20250312001,2,Sauerbraten,STAFF-12
20250312001,3,Sauerbraten,STAFF-12
20250312001,4,Sauerbraten,STAFF-12
20250312002,1,Palak Paneer,STAFF-03
20250312002,2,Palak Paneer,STAFF-03
20250312002,3,Rinderrouladen,STAFF-01
20250312003,1,Gudeg,STAFF-04
20250312003,2,Gudeg,STAFF-10
20250312004,1,Gudeg,STAFF-05
20250312005,1,Ayam Balado,STAFF-06
20250312006,1,Rendang,STAFF-07
20250312007,1,Rendang,STAFF-08
20250312007,2,Rendang,STAFF-08
20250312007,3,Rendang,STAFF-08
20250312008,1,Palak Paneer,STAFF-11
20250312009,1,Rendang,STAFF-09
20250312009,2,Rendang,STAFF-09
20250312009,3,Rendang,STAFF-09
20250312009,4,Rendang,STAFF-10
20250312010,1,Gudeg,STAFF-12
20250312010,2,Gudeg,STAFF-12
20250312010,3,Gudeg,STAFF-12
20250312011,1,Sauerbraten,STAFF-02
20250312012,1,Gudeg,STAFF-01
20250312012,2,Gudeg,STAFF-01
20250312013,1,Palak Paneer,STAFF-03
20250312014,1,Gudeg,STAFF-04
20250312014,2,Gudeg,STAFF-04
20250312014,3,Gudeg,STAFF-04
20250312014,4,Gudeg,STAFF-04
20250313001,1,Palak Paneer,STAFF-06
20250313001,2,Palak Paneer,STAFF-06
20250313002,1,Rinderrouladen,STAFF-02
20250313003,1,Rinderrouladen,STAFF-05
20250313003,2,Rinderrouladen,STAFF-05
20250313004,1,Rendang,STAFF-07
20250313005,1,Thunder Tea Rice,STAFF-08
20250313005,2,Thunder Tea Rice,STAFF-08
20250313006,1,Gudeg,STAFF-09
20250313006,2,Gudeg,STAFF-09
20250313006,3,Rinderrouladen,STAFF-11
20250313006,4,Rinderrouladen,STAFF-11
20250313007,1,Gudeg,STAFF-10
20250313007,2,Gudeg,STAFF-10
20250313007,3,Gudeg,STAFF-10
20250313008,1,Rendang,STAFF-12
20250313009,1,Rinderrouladen,STAFF-01
20250313010,1,Gudeg,STAFF-03
20250313011,1,Palak Paneer,STAFF-06
20250313011,2,Palak Paneer,STAFF-06
20250314001,1,Gudeg,STAFF-04
20250314001,2,Gudeg,STAFF-04
20250314002,1,Rinderrouladen,STAFF-02
20250314003,1,Gudeg,STAFF-05
20250314003,2,Gudeg,STAFF-05
20250314004,1,Rendang,STAFF-07
20250314005,1,Thunder Tea Rice,STAFF-08
20250314006,1,Gudeg,STAFF-09
20250314006,2,Gudeg,STAFF-09
20250314006,3,Gudeg,STAFF-09
20250314006,4,Gudeg,STAFF-09
20250314007,1,Gudeg,STAFF-10
20250314008,1,Palak Paneer,STAFF-12
20250314008,2,Rendang,STAFF-11
20250314008,3,Rendang,STAFF-11
20250314009,1,Gudeg,STAFF-01
20250314010,1,Rendang,STAFF-03
20250314010,2,Rendang,STAFF-03
20250314010,3,Rendang,STAFF-03
20250314011,1,Rendang,STAFF-04
20250314011,2,Rendang,STAFF-04
20250314011,3,Rendang,STAFF-04
20250314011,4,Rendang,STAFF-04
20250314012,1,Rendang,STAFF-05
20250314013,1,Gudeg,STAFF-06
20250314014,1,Sauerbraten,STAFF-02
20250314014,2,Sauerbraten,STAFF-07
20250314014,3,Sauerbraten,STAFF-09
20250314015,1,Gudeg,STAFF-08
20250314015,2,Gudeg,STAFF-08
20250314016,1,Gudeg,STAFF-10
20250314017,1,Rendang,STAFF-11
20250314018,1,Rendang,STAFF-12
20250314019,1,Gudeg,STAFF-01
20250314019,2,Gudeg,STAFF-01
20250314019,3,Gudeg,STAFF-01
20250314020,1,Gudeg,STAFF-03
20250314020,2,Gudeg,STAFF-03
20250315001,1,Rinderrouladen,STAFF-02
20250315002,1,Palak Paneer,STAFF-06
20250315002,2,Palak Paneer,STAFF-06
20250315002,3,Palak Paneer,STAFF-06
20250315003,1,Gudeg,STAFF-04
20250315004,1,Palak Paneer,STAFF-08
20250315004,2,Palak Paneer,STAFF-08
20250315005,1,Rinderrouladen,STAFF-05
20250315006,1,Rinderrouladen,STAFF-07
20250315007,1,Palak Paneer,STAFF-11
20250316001,1,Palak Paneer,STAFF-12
20250316001,2,Palak Paneer,STAFF-12
20250316001,3,Palak Paneer,STAFF-12
20250316001,4,Palak Paneer,STAFF-12
20250316002,1,Rinderrouladen,STAFF-09
20250316003,1,Ayam Balado,STAFF-01
20250316003,2,Ayam Balado,STAFF-01
20250316003,3,Ayam Balado,STAFF-01
20250316003,4,Rendang,STAFF-10
20250316003,5,Rendang,STAFF-10
20250316003,6,Rendang,STAFF-10
20250316004,1,Gudeg,STAFF-03
20250316004,2,Gudeg,STAFF-03
20250316004,3,Gudeg,STAFF-03
20250317001,1,Gudeg,STAFF-04
20250317002,1,Gudeg,STAFF-05
20250317002,2,Gudeg,STAFF-05
20250317002,3,Gudeg,STAFF-05
20250317002,4,Gudeg,STAFF-06
20250317002,5,Gudeg,STAFF-06
20250317002,6,Gudeg,STAFF-06
20250317002,7,Gudeg,STAFF-06
20250317003,1,Rinderrouladen,STAFF-02
20250317004,1,Gudeg,STAFF-07
20250317004,2,Gudeg,STAFF-07
20250317005,1,Gudeg,STAFF-08
20250317005,2,Gudeg,STAFF-08
20250317005,3,Gudeg,STAFF-08
20250317006,1,Sauerbraten,STAFF-09
20250317006,2,Sauerbraten,STAFF-11
20250317006,3,Sauerbraten,STAFF-11
20250317007,1,Rendang,STAFF-10
20250317007,2,Rendang,STAFF-10
20250317007,3,Rendang,STAFF-10
20250317008,1,Palak Paneer,STAFF-12
20250317009,1,Rendang,STAFF-01
20250317009,2,Rendang,STAFF-01
20250317009,3,Rendang,STAFF-01
20250317010,1,Rendang,STAFF-03
20250317010,2,Rendang,STAFF-03
20250317011,1,Gudeg,STAFF-04
20250318001,1,Rinderrouladen,STAFF-02
20250318001,2,Rinderrouladen,STAFF-02
20250318002,1,Rendang,STAFF-05
20250318003,1,Gudeg,STAFF-07
20250318003,2,Gudeg,STAFF-07
20250318003,3,Gudeg,STAFF-07
20250318003,4,Rendang,STAFF-06
20250318004,1,Ayam Balado,STAFF-08
20250318004,2,Ayam Balado,STAFF-09
20250318004,3,Ayam Balado,STAFF-09
20250318004,4,Ayam Balado,STAFF-09
20250318005,1,Rinderrouladen,STAFF-11
20250318005,2,Rinderrouladen,STAFF-11
20250318005,3,Rinderrouladen,STAFF-11
20250318006,1,Gudeg,STAFF-10
20250318006,2,Gudeg,STAFF-10
20250318007,1,Rinderrouladen,STAFF-12
20250318007,2,Rinderrouladen,STAFF-12
20250318008,1,Gudeg,STAFF-01
20250318008,2,Gudeg,STAFF-01
20250318009,1,Rendang,STAFF-03
20250318009,2,Rendang,STAFF-03
20250318009,3,Rendang,STAFF-03
20250318010,1,Thunder Tea Rice,STAFF-02
20250318010,2,Thunder Tea Rice,STAFF-02
20250318010,3,Thunder Tea Rice,STAFF-02
20250318010,4,Thunder Tea Rice,STAFF-02
20250318011,1,Sauerbraten,STAFF-04
20250318011,2,Sauerbraten,STAFF-05
20250318011,3,Sauerbraten,STAFF-05
20250318011,4,Sauerbraten,STAFF-05
20250318012,1,Sauerbraten,STAFF-06
20250318012,2,Sauerbraten,STAFF-07
20250318013,1,Rendang,STAFF-08
20250319001,1,Gudeg,STAFF-09
20250319001,2,Gudeg,STAFF-09
20250319001,3,Gudeg,STAFF-09
20250319002,1,Gudeg,STAFF-10
20250319002,2,Gudeg,STAFF-10
20250319003,1,Palak Paneer,STAFF-11
20250319004,1,Gudeg,STAFF-12
20250319005,1,Ayam Balado,STAFF-01
20250319005,2,Ayam Balado,STAFF-01
20250319006,1,Gudeg,STAFF-03
20250319007,1,Gudeg,STAFF-04
20250319008,1,Rendang,STAFF-05
20250319009,1,Rendang,STAFF-06
20250319009,2,Rendang,STAFF-06
20250319010,1,Rendang,STAFF-07
20250319011,1,Gudeg,STAFF-08
20250319011,2,Gudeg,STAFF-08
20250319011,3,Gudeg,STAFF-08
20250319012,1,Palak Paneer,STAFF-11
20250319012,2,Palak Paneer,STAFF-11
20250319012,3,Palak Paneer,STAFF-12
20250319013,1,Gudeg,STAFF-09
20250319013,2,Gudeg,STAFF-09
20250319013,3,Gudeg,STAFF-10
20250319014,1,Sauerbraten,STAFF-02
20250319015,1,Rinderrouladen,STAFF-01
20250319016,1,Rinderrouladen,STAFF-02
20250319016,2,Rinderrouladen,STAFF-02
20250319017,1,Bun Cha,STAFF-03
20250319017,2,Bun Cha,STAFF-03
20250319017,3,Bun Cha,STAFF-03
20250319017,4,Thunder Tea Rice,STAFF-06
20250319017,5,Thunder Tea Rice,STAFF-06
20250319017,6,Thunder Tea Rice,STAFF-06
20250319017,7,Thunder Tea Rice,STAFF-07
20250320001,1,Rinderrouladen,STAFF-04
20250320001,2,Rinderrouladen,STAFF-04
20250320001,3,Rinderrouladen,STAFF-04
20250320002,1,Rinderrouladen,STAFF-05
20250320003,1,Rinderrouladen,STAFF-09
20250320004,1,Gudeg,STAFF-08
20250320004,2,Gudeg,STAFF-08
20250320004,3,Gudeg,STAFF-08
20250320005,1,Gudeg,STAFF-10
20250320005,2,Gudeg,STAFF-10
20250320005,3,Gudeg,STAFF-10
20250320006,1,Gudeg,STAFF-11
20250320006,2,Gudeg,STAFF-11
20250320006,3,Gudeg,STAFF-11
20250320006,4,Gudeg,STAFF-11
20250320007,1,Gudeg,STAFF-12
20250320007,2,Gudeg,STAFF-12
20250320008,1,Gudeg,STAFF-01
20250320008,2,Thunder Tea Rice,STAFF-02
20250320009,1,Bun Cha,STAFF-03
20250320010,1,Palak Paneer,STAFF-06
20250320010,2,Palak Paneer,STAFF-06
20250320011,1,Palak Paneer,STAFF-08
20250320011,2,Palak Paneer,STAFF-08
20250320012,1,Gudeg,STAFF-04
20250320013,1,Gudeg,STAFF-05
20250320013,2,Gudeg,STAFF-05
20250320014,1,Palak Paneer,STAFF-11
20250320014,2,Palak Paneer,STAFF-11
20250320014,3,Palak Paneer,STAFF-11
20250320015,1,Gudeg,STAFF-07
20250320016,1,Ayam Balado,STAFF-09
20250320017,1,Sauerbraten,STAFF-12
20250320017,2,Sauerbraten,STAFF-12
20250320017,3,Sauerbraten,STAFF-12
20250320017,4,Sauerbraten,STAFF-12
20250320018,1,Palak Paneer,STAFF-03
20250320018,2,Palak Paneer,STAFF-03
20250320018,3,Palak Paneer,STAFF-03
20250320019,1,Rendang,STAFF-10
20250321001,1,Rinderrouladen,STAFF-01
20250321001,2,Rinderrouladen,STAFF-01
20250321001,3,Rinderrouladen,STAFF-01
20250321001,4,Rinderrouladen,STAFF-01
20250321001,5,Rinderrouladen,STAFF-02
20250321002,1,Gudeg,STAFF-04
20250321003,1,Gudeg,STAFF-05
20250321003,2,Gudeg,STAFF-06
20250321003,3,Gudeg,STAFF-06
20250321004,1,Palak Paneer,STAFF-08
20250321004,2,Palak Paneer,STAFF-08
20250321005,1,Gudeg,STAFF-07
20250321005,2,Gudeg,STAFF-07
20250321005,3,Gudeg,STAFF-07
20250321005,4,Rendang,STAFF-09
20250321006,1,Gudeg,STAFF-10
20250321007,1,Rendang,STAFF-11
20250321007,2,Rendang,STAFF-11
20250321007,3,Rendang,STAFF-11
20250321008,1,Palak Paneer,STAFF-12
20250321009,1,Palak Paneer,STAFF-03
20250321009,2,Palak Paneer,STAFF-03
20250321010,1,Gudeg,STAFF-01
20250321010,2,Gudeg,STAFF-01
20250321010,3,Gudeg,STAFF-01
20250321010,4,Gudeg,STAFF-01
20250321011,1,Rendang,STAFF-04
20250321011,2,Rendang,STAFF-04
20250321011,3,Rendang,STAFF-04
20250321012,1,Palak Paneer,STAFF-06
20250321013,1,Ayam Balado,STAFF-05
20250321014,1,Rendang,STAFF-07
20250321014,2,Rendang,STAFF-07
20250321014,3,Rendang,STAFF-07
20250321014,4,Rendang,STAFF-07
20250321015,1,Rendang,STAFF-08
20250321015,2,Rendang,STAFF-08
20250321015,3,Rendang,STAFF-08
20250321016,1,Rendang,STAFF-09
20250321016,2,Rendang,STAFF-09
20250321017,1,Gudeg,STAFF-10
20250322001,1,Rinderrouladen,STAFF-02
20250322002,1,Rinderrouladen,STAFF-11
20250322003,1,Ayam Balado,STAFF-12
20250322004,1,Sauerbraten,STAFF-01
20250322004,2,Sauerbraten,STAFF-01
20250322005,1,Rinderrouladen,STAFF-02
20250322005,2,Rinderrouladen,STAFF-02
20250322006,1,Gudeg,STAFF-03
20250322006,2,Gudeg,STAFF-03
20250322006,3,Gudeg,STAFF-03
20250322007,1,Gudeg,STAFF-04
20250322008,1,Rinderrouladen,STAFF-05
20250322008,2,Rinderrouladen,STAFF-05
20250322008,3,Rinderrouladen,STAFF-05
20250322009,1,Thunder Tea Rice,STAFF-06
20250322010,1,Rendang,STAFF-07
20250322010,2,Rendang,STAFF-07
20250322010,3,Rinderrouladen,STAFF-09
20250322011,1,Rinderrouladen,STAFF-11
20250322011,2,Rinderrouladen,STAFF-11
20250322011,3,Rinderrouladen,STAFF-11
20250323001,1,Rendang,STAFF-08
20250323002,1,Palak Paneer,STAFF-12
20250323003,1,Sauerbraten,STAFF-01
20250323003,2,Sauerbraten,STAFF-01
20250323003,3,Sauerbraten,STAFF-01
20250323003,4,Sauerbraten,STAFF-02
20250323003,5,Sauerbraten,STAFF-02
20250323003,6,Sauerbraten,STAFF-02
20250323004,1,Gudeg,STAFF-10
20250323004,2,Gudeg,STAFF-10
20250323004,3,Gudeg,STAFF-10
20250323005,1,Rendang,STAFF-03
20250323005,2,Rendang,STAFF-03
